$SPEC_ID:
No sample description was entered.
$SPEC_REM:
DET# 4
DETDESC# JLAB-20 MCB 131
AP# Maestro Version 7.01
$DATE_MEA:
12/04/2025 15:30:01
$MEAS_TIM:
205 240
$DATA:
0 2047
       0
       0
       0
       0
       0
       0
       0
       0
       0
       0
       0
       0
       0
       0
       0
       0
       0
       0
       0
       0
       0
       0
       0
       0
       0
       0
       0
       0
       0
       0
       0
       0
       0
       0
       0
       0
       0
       0
       0
       0
       0
       0
       0
       0
       0
       0
       0
       0
       0
       0
       0
       0
       0
       0
       0
       0
       0
       0
       0
       0
       0
       0
       0
       0
       0
       0
       0
       0
       0
      16
     247
     221
     227
     237
     227
     224
     225
     201
     246
     220
     238
     204
     205
     239
     204
     230
     212
     194
     204
     215
     204
     247
     210
     198
     230
     203
     191
     187
     181
     196
     197
     197
     175
     197
     192
     173
     196
     193
     182
     176
     188
     170
     178
     179
     181
     197
     166
     158
     154
     176
     157
     184
     162
     150
     171
     180
     166
     167
     155
     191
     158
     178
     176
     129
     174
     160
     154
     166
     157
     170
     133
     154
     177
     158
     160
     145
     176
     154
     155
     149
     137
     159
     140
     154
     142
     128
     135
     178
     128
     178
     137
     154
     142
     142
     148
     144
     146
     140
     154
     151
     145
     158
     147
     166
     148
     143
     138
     135
     136
     117
     134
     134
     120
     129
     134
     129
     142
     141
     157
     135
     135
     125
     142
     146
     124
     129
     145
     152
     122
     150
     109
     149
     130
     136
     137
     140
     163
     133
     130
     113
     136
     144
     128
     137
     115
     134
     150
     145
     145
     136
     139
     126
     126
     125
     134
     152
     142
     144
     136
     135
     148
     148
     122
     118
     137
     159
     141
     139
     155
     136
     134
     144
     139
     148
     122
     156
     135
     149
     114
     158
     135
     138
     122
     145
     123
     145
     128
     125
     131
     126
     118
     141
     130
     166
     163
     148
     131
     143
     103
     115
     128
     116
     136
     146
     136
     131
     132
     133
     126
     127
     139
     127
     145
     139
     136
     134
     154
     144
     146
     150
     167
     128
     144
     130
     137
     143
     142
     140
     126
     137
     109
     116
     147
     140
     134
     135
     138
     115
     123
     143
     138
     125
     119
     109
     138
     149
     155
     138
     146
     138
     152
     135
     141
     118
     133
     137
     140
     145
     134
     137
     130
     121
     133
     140
     130
     174
     133
     129
     115
     138
     146
     138
     140
     132
     128
     123
     117
     130
     138
     145
     152
     139
     138
     129
     135
     139
     156
     132
     123
     143
     149
     144
     163
     123
     141
     137
     144
     154
     147
     129
     158
     146
     152
     138
     122
     149
     132
     144
     133
     147
     135
     157
     159
     114
     150
     168
     156
     138
     140
     136
     161
     155
     180
     152
     147
     150
     169
     153
     158
     148
     154
     147
     168
     156
     160
     179
     163
     178
     158
     183
     179
     147
     154
     172
     185
     175
     176
     176
     165
     188
     199
     197
     197
     201
     194
     184
     198
     200
     212
     206
     214
     228
     195
     238
     218
     215
     220
     246
     218
     219
     231
     218
     230
     205
     235
     252
     239
     268
     246
     249
     269
     275
     259
     281
     252
     257
     269
     274
     297
     293
     297
     304
     305
     369
     329
     332
     320
     369
     363
     387
     392
     415
     413
     435
     415
     450
     415
     448
     455
     462
     504
     524
     527
     539
     596
     582
     567
     629
     621
     724
     664
     761
     773
     755
     835
     831
     817
     854
     829
     823
     774
     813
     818
     753
     721
     713
     737
     677
     608
     600
     548
     542
     507
     477
     481
     405
     406
     323
     295
     319
     272
     288
     236
     222
     221
     212
     170
     185
     165
     150
     173
     147
     154
     133
     158
     129
     127
     160
     149
     138
     132
     131
     147
     149
     149
     135
     160
     159
     127
     157
     151
     147
     156
     160
     159
     184
     154
     188
     161
     160
     184
     174
     169
     182
     181
     165
     211
     220
     172
     218
     223
     207
     195
     204
     206
     216
     242
     220
     227
     257
     250
     257
     253
     263
     267
     277
     297
     293
     304
     286
     303
     361
     312
     343
     348
     355
     330
     372
     386
     363
     354
     347
     391
     395
     366
     368
     405
     405
     409
     415
     388
     401
     428
     376
     407
     421
     378
     412
     452
     446
     429
     447
     416
     435
     462
     432
     453
     492
     441
     532
     489
     570
     543
     543
     563
     625
     616
     657
     624
     728
     691
     723
     744
     742
     807
     835
     866
     907
     922
     943
     987
    1029
    1095
    1114
    1148
    1246
    1263
    1278
    1358
    1370
    1374
    1429
    1584
    1575
    1660
    1630
    1709
    1666
    1731
    1830
    1796
    1822
    1924
    2035
    2020
    1944
    2033
    2136
    2126
    2073
    2236
    2216
    2250
    2290
    2254
    2372
    2347
    2475
    2465
    2488
    2520
    2627
    2620
    2712
    2671
    2913
    2926
    3009
    2998
    3078
    3071
    3247
    3319
    3542
    3773
    3863
    4100
    4245
    4567
    4832
    5148
    5486
    5854
    6161
    6739
    7361
    7989
    8710
    9545
   10396
   11062
   12014
   12994
   13697
   14454
   15468
   16147
   17102
   17772
   18254
   18722
   19108
   19544
   19684
   19445
   19474
   19086
   18487
   18141
   17461
   16684
   15926
   14819
   13812
   13069
   11938
   11258
   10174
    9320
    8442
    7549
    6687
    5663
    5104
    4340
    3857
    3249
    2793
    2365
    2016
    1639
    1428
    1254
    1095
     925
     829
     811
     731
     688
     637
     621
     627
     600
     583
     658
     564
     591
     606
     589
     585
     604
     615
     638
     645
     639
     635
     602
     670
     714
     676
     672
     745
     725
     745
     780
     840
     750
     786
     815
     833
     898
     857
     929
     928
     965
     994
    1064
    1187
    1178
    1218
    1300
    1351
    1476
    1639
    1795
    1860
    2112
    2294
    2558
    2719
    2913
    3157
    3282
    3571
    3696
    3980
    4063
    4151
    4324
    4496
    4455
    4449
    4371
    4358
    4262
    4278
    4030
    4152
    3895
    3676
    3484
    3364
    3214
    3188
    2914
    2756
    2643
    2373
    2327
    2144
    1973
    1950
    1726
    1639
    1460
    1384
    1308
    1134
    1123
     999
     908
     845
     772
     721
     620
     619
     559
     482
     451
     391
     357
     296
     302
     275
     235
     201
     187
     169
     154
     153
     148
     158
     142
     123
     118
     123
     109
     134
     102
      94
     110
     121
     109
     126
     101
     122
     128
     111
     102
     101
     129
      95
     119
     120
     121
     116
     110
     117
     130
     115
     104
      91
     120
      97
     130
     102
     115
     121
     106
     107
     134
     102
     113
      90
     119
     122
     100
     128
     124
     103
     109
     110
     118
     108
      93
     127
     114
     112
      96
     103
     107
     107
      80
     102
     117
     118
     119
     115
     109
     111
     102
     109
     110
     106
     102
     107
      87
     113
     107
     112
     139
     106
     100
     108
     116
     100
     108
      97
     111
     102
      88
      99
     101
     111
      90
     104
     112
      90
     109
     100
     102
     116
     122
      96
      90
     133
     103
     104
     121
     123
     115
     111
     111
     118
     114
     105
     124
     121
     125
     111
     110
     106
     122
     103
     103
     134
     109
     103
     120
     118
      93
     128
     123
     113
     109
     121
     126
     103
     116
     130
     120
     116
     129
     121
     126
     121
     141
     110
     141
     134
     116
     115
     142
     116
     117
     129
     133
     139
     136
     131
     148
     128
     139
     132
     123
     128
     128
     134
     131
     127
     123
     134
     145
     124
     131
     133
     122
     126
     122
     121
     116
     126
     131
     133
     135
     122
     139
     122
     131
     127
     151
     126
     124
     132
     137
     120
     112
     135
     132
     147
     132
     142
     125
     133
     127
     138
     128
     131
     126
     139
     138
     161
     138
     141
     139
     126
     137
     146
     115
     145
     148
     142
     133
     124
     157
     129
     144
     136
     137
     133
     135
     139
     148
     107
     134
     116
     146
     152
     145
     134
     134
     130
     145
     139
     124
     160
     159
     148
     143
     152
     139
     134
     138
     133
     139
     148
     150
     158
     118
     163
     159
     143
     114
     154
     136
     157
     141
     143
     152
     149
     132
     142
     137
     158
     150
     129
     180
     156
     137
     152
     141
     130
     167
     142
     169
     149
     162
     142
     163
     176
     164
     158
     150
     161
     142
     136
     149
     166
     158
     167
     168
     164
     157
     127
     150
     172
     160
     182
     143
     157
     182
     161
     190
     160
     176
     192
     193
     188
     152
     183
     169
     207
     181
     222
     214
     178
     220
     203
     190
     196
     224
     200
     200
     198
     206
     201
     229
     202
     218
     216
     251
     236
     238
     210
     221
     225
     240
     233
     253
     232
     232
     301
     243
     266
     254
     262
     248
     283
     276
     314
     264
     257
     310
     295
     284
     332
     358
     370
     361
     391
     395
     427
     515
     522
     545
     529
     574
     591
     597
     614
     641
     599
     616
     603
     591
     617
     534
     586
     558
     518
     484
     443
     449
     389
     393
     375
     364
     330
     303
     277
     267
     219
     215
     225
     196
     210
     183
     143
     144
     145
     146
     160
     127
     154
     122
     151
     131
     127
     148
     174
     155
     153
     162
     155
     140
     151
     155
     158
     175
     148
     135
     154
     152
     157
     157
     181
     158
     173
     132
     169
     171
     172
     168
     164
     164
     170
     181
     170
     167
     207
     180
     193
     168
     177
     177
     188
     168
     178
     196
     175
     188
     168
     157
     163
     169
     165
     171
     175
     193
     176
     171
     164
     166
     163
     189
     158
     164
     195
     188
     207
     161
     179
     200
     174
     195
     180
     182
     177
     191
     170
     198
     193
     178
     233
     195
     202
     201
     186
     193
     214
     222
     220
     240
     209
     254
     244
     253
     243
     254
     243
     256
     285
     265
     253
     274
     266
     284
     252
     282
     268
     287
     289
     286
     303
     277
     287
     283
     296
     274
     281
     305
     298
     296
     308
     308
     322
     306
     338
     300
     338
     316
     338
     303
     360
     285
     334
     355
     360
     329
     350
     359
     392
     389
     377
     413
     391
     395
     404
     418
     407
     511
     452
     491
     533
     555
     549
     595
     614
     635
     692
     753
     741
     753
     826
     788
     885
     914
     912
     907
     951
     933
    1005
     975
     984
     941
    1007
     924
     979
     894
     887
     839
     868
     829
     764
     754
     805
     651
     630
     564
     594
     541
     541
     508
     465
     449
     402
     396
     358
     389
     349
     300
     305
     320
     275
     291
     300
     298
     297
     266
     273
     287
     271
     283
     279
     310
     255
     288
     262
     283
     303
     301
     267
     270
     269
     336
     282
     269
     280
     289
     288
     306
     276
     290
     303
     294
     319
     295
     285
     287
     302
     279
     304
     325
     319
     302
     295
     328
     314
     351
     331
     342
     344
     371
     399
     403
     397
     388
     448
     437
     436
     409
     449
     506
     486
     507
     550
     545
     523
     518
     509
     551
     555
     513
     511
     520
     507
     516
     468
     523
     480
     491
     473
     466
     427
     389
     428
     406
     368
     377
     347
     344
     327
     309
     296
     295
     299
     280
     293
     285
     285
     271
     277
     247
     262
     224
     224
     247
     237
     216
     209
     221
     222
     222
     220
     167
     171
     210
     191
     189
     175
     221
     157
     178
     197
     193
     201
     189
     152
     174
     208
     178
     166
     197
     187
     231
     177
     177
     186
     202
     196
     190
     205
     185
     189
     202
     196
     196
     203
     199
     178
     176
     195
     199
     197
     202
     191
     214
     201
     195
     219
     234
     207
     204
     212
     199
     210
     236
     226
     242
     209
     202
     204
     246
     203
     212
     223
     202
     217
     213
     212
     234
     211
     193
     221
     223
     230
     199
     224
     211
     184
     222
     198
     223
     192
     205
     213
     213
     216
     207
     223
     239
     244
     200
     225
     218
     178
     202
     171
     171
     204
     200
     204
     217
     175
     189
     185
     153
     187
     171
     177
     173
     196
     193
     186
     196
     192
     182
     160
     193
     176
     188
     166
     167
     185
     181
     198
     188
     190
     188
     187
     203
     183
     169
     177
     169
     171
     194
     203
     193
     170
     175
     199
     190
     175
     176
     186
     181
     192
     179
     200
     192
     186
     186
     188
     194
     222
     200
     179
     169
     166
     191
     218
     192
     219
     212
     206
     200
     197
     205
     196
     194
     194
     195
     198
     210
     190
     205
     201
     202
     201
     191
     206
     215
     181
     211
     201
     190
     208
     220
     221
     208
     231
     213
     230
     194
     223
     233
     210
     231
     198
     236
     226
     220
     223
     187
     198
     220
     235
     237
     232
     263
     230
     225
     219
     258
     246
     284
     234
     221
     243
     266
     255
     259
     253
     259
     271
     258
     297
     277
     316
     278
     314
     287
     305
     274
     309
     307
     323
     303
     320
     356
     334
     359
     367
     351
     392
     383
     397
     410
     416
     414
     430
     429
     424
     502
     483
     509
     519
     503
     555
     550
     612
     573
     585
     656
     689
     626
     726
     735
     734
     758
     805
     800
     801
     899
     913
    1000
     953
    1043
    1109
    1193
    1143
    1201
    1289
    1372
    1284
    1419
    1477
    1544
    1576
    1517
    1583
    1599
    1677
    1654
    1834
    1853
    1900
    2041
    2164
    2272
    2409
    2609
    2943
    3163
    3403
    3871
    4158
    4516
    4875
    5388
    5745
    6124
    6423
    6982
    7122
    7675
    7587
    7804
    7986
    7957
    7849
    7750
    7809
    7512
    7197
    7012
    6634
    6192
    5907
    5486
    5094
    4626
    4149
    3757
    3513
    2975
    2611
    2423
    1980
    1695
    1463
    1206
    1015
     799
     695
     551
     499
     394
     288
     256
     261
     216
     172
     173
     161
     124
     144
     131
     113
     114
     124
     105
     121
     109
     118
      95
     151
     125
     113
     104
     108
     143
     122
     122
     134
     130
     115
     151
     129
     150
     150
     131
     150
     150
     158
     153
     167
     164
     134
     139
     159
     158
     161
     123
     181
     157
     131
     150
     137
     125
     145
     127
     111
     151
     121
     130
     116
     120
     126
     103
     119
     115
     121
      88
      97
       0
       0
       0
       0
       0
       0
       0
       0
       0
       0
       0
       0
       0
       0
       0
       0
       0
       0
       0
       0
       0
       0
       0
       0
       0
       0
       0
       0
       0
       0
       0
       0
$ROI:
2
835 876
1040 1048
$PRESETS:
None
0
0
$ENER_FIT:
1.847398 0.039365
$MCA_CAL:
3
1.847398E+000 3.936478E-002 9.340726E-007 keV
$SHAPE_CAL:
3
0.000000E+000 0.000000E+000 0.000000E+000
