$SPEC_ID:
No sample description was entered.
$SPEC_REM:
DET# 4
DETDESC# JLAB-20 MCB 131
AP# Maestro Version 7.01
$DATE_MEA:
12/04/2025 18:02:09
$MEAS_TIM:
65995 67275
$DATA:
0 2047
       0
       0
       0
       0
       0
       0
       0
       0
       0
       0
       0
       0
       0
       0
       0
       0
       0
       0
       0
       0
       0
       0
       0
       0
       0
       0
       0
       0
       0
       0
       0
       0
       0
       0
       0
       0
       0
       0
       0
       0
       0
       0
       0
       0
       0
       0
       0
       0
       0
       0
       0
       0
       0
       0
       0
       0
       0
       0
       0
       0
       1
       0
       1
       3
       1
       0
       3
       3
       1
     644
   13375
   13647
   13686
   13566
   13671
   13363
   13357
   13128
   12770
   12905
   12550
   12673
   12427
   12419
   12420
   12240
   12206
   12072
   11915
   11886
   11693
   11856
   11721
   11596
   11656
   11184
   11360
   11409
   11344
   11244
   11154
   11196
   10968
   10900
   10908
   11012
   11134
   10748
   10743
   10705
   10659
   10617
   10316
   10734
   10551
   10363
   10488
   10460
   10253
   10521
   10458
   10236
   10212
   10190
   10216
   10144
   10061
   10052
    9949
   10126
    9956
    9934
   10047
    9784
    9925
    9696
    9651
    9855
    9847
    9518
    9681
    9518
    9734
    9552
    9750
    9317
    9383
    9349
    9373
    9454
    9304
    9439
    9429
    9445
    9415
    9515
    9328
    9454
    9272
    9304
    9351
    9294
    9357
    9270
    9287
    9182
    9292
    9231
    9187
    9251
    9182
    9248
    9437
    9210
    9037
    9237
    9237
    9157
    9121
    9349
    9319
    9144
    9314
    9071
    9291
    9162
    9245
    9116
    9050
    9274
    9115
    9193
    9251
    9182
    9013
    9417
    9280
    9334
    9180
    9190
    9321
    9313
    9415
    9432
    9368
    9197
    9469
    9406
    9320
    9608
    9546
    9530
    9443
    9425
    9421
    9823
    9923
    9706
    9945
    9910
   10033
   10082
   10243
   10420
   10373
   10561
   10522
   10539
   10650
   10800
   10710
   10914
   11008
   10969
   10931
   11146
   11308
   11491
   11706
   11776
   11922
   12178
   12217
   12250
   12557
   12583
   12597
   12812
   12629
   12910
   12713
   12742
   12568
   12654
   12546
   12479
   12332
   12384
   12399
   12112
   12154
   12299
   11977
   12083
   12033
   11855
   11605
   11769
   11829
   11653
   11606
   11214
   11431
   11473
   11101
   11413
   11235
   11380
   11152
   11417
   11245
   11288
   11374
   11434
   11578
   11808
   11896
   12014
   12174
   12364
   12449
   12659
   12962
   13277
   13428
   13481
   13532
   13611
   13670
   13542
   13756
   13430
   13495
   13287
   13123
   13174
   13096
   13185
   12871
   12518
   12393
   12396
   12011
   11722
   11708
   11304
   11161
   11116
   10741
   10735
   10415
   10120
   10336
   10068
   10024
   10055
    9729
    9851
    9824
    9853
    9901
    9860
   10007
    9903
    9963
    9903
    9971
   10106
    9897
   10177
   10127
   10000
   10057
   10094
   10273
   10126
   10059
   10192
   10052
   10194
   10311
   10159
   10365
   10166
   10345
   10445
   10271
   10179
   10288
   10179
   10234
   10329
   10195
    9923
    9991
    9931
   10035
   10024
    9842
   10060
   10007
    9868
    9843
    9818
    9676
    9876
    9868
    9732
    9798
    9653
    9749
    9603
    9756
    9818
    9669
    9798
    9637
    9572
    9619
    9608
    9751
    9700
    9735
    9646
    9717
    9730
    9769
    9808
    9887
    9677
    9709
    9887
    9908
    9751
    9556
    9778
    9633
    9811
    9973
    9746
    9877
    9763
    9868
    9974
    9772
    9553
    9809
    9813
    9824
    9887
    9908
    9645
    9867
    9844
    9724
    9950
    9602
    9987
    9893
    9900
    9846
    9903
    9829
    9895
    9957
    9579
    9798
   10068
    9894
    9842
    9767
    9820
    9883
    9850
    9827
    9881
    9916
    9805
    9818
    9877
   10104
   10100
    9865
    9953
    9906
    9831
   10027
   10161
   10037
   10172
    9954
    9851
   10198
   10057
   10179
    9998
   10059
    9970
   10205
    9967
   10057
   10273
   10243
   10290
   10272
   10131
   10256
   10273
   10447
   10226
   10121
   10411
   10130
   10188
   10292
   10363
   10220
   10122
   10389
   10322
   10293
   10221
   10400
   10476
   10384
   10357
   10472
   10377
   10339
   10487
   10345
   10540
   10492
   10386
   10588
   10436
   10574
   10430
   10743
   10622
   10500
   10668
   10664
   10749
   10584
   10693
   10796
   10768
   10734
   10857
   10665
   10908
   10735
   11123
   10765
   10784
   10916
   10625
   10904
   10848
   10762
   10959
   11070
   10864
   10800
   11062
   11053
   10985
   10926
   11093
   11191
   10925
   10931
   11039
   11102
   10991
   11114
   11122
   11001
   11209
   11041
   11088
   11337
   11511
   11371
   11260
   11342
   11390
   11237
   11218
   11392
   11386
   11435
   11457
   11615
   11669
   11411
   11579
   11521
   11345
   11569
   11459
   11709
   11486
   11820
   11673
   11626
   11598
   11762
   11725
   11692
   11831
   11720
   11677
   11712
   11921
   11865
   11955
   11617
   11701
   11807
   11783
   11766
   11668
   11846
   11779
   11792
   11712
   11828
   11650
   11817
   11806
   11886
   11708
   11744
   11661
   11682
   11749
   11849
   11684
   11832
   11909
   11529
   11761
   11756
   11817
   11932
   11833
   11808
   11794
   11809
   11869
   11746
   11932
   11945
   11972
   11974
   11782
   12122
   11953
   11972
   12028
   12185
   11950
   12083
   12102
   12067
   12018
   12053
   12098
   11983
   12096
   12017
   12065
   11878
   12386
   12180
   12147
   12282
   12278
   12274
   12212
   12092
   12286
   12402
   12365
   12116
   12237
   12303
   12315
   12293
   12320
   12222
   12243
   12306
   12350
   12309
   12277
   12360
   12176
   12467
   12429
   12372
   12535
   12479
   12253
   12335
   12482
   12501
   12346
   12257
   12419
   12425
   12456
   12483
   12345
   12417
   12425
   12299
   12446
   12403
   12276
   12515
   12409
   12494
   12491
   12587
   12455
   12447
   12411
   12331
   12428
   12469
   12501
   12634
   12524
   12364
   12599
   12693
   12776
   12613
   12401
   12873
   12600
   12432
   12696
   12675
   12747
   12617
   12694
   12504
   12667
   12508
   12610
   12588
   12791
   12658
   12751
   12692
   12603
   12703
   12790
   12998
   12871
   12747
   12632
   12800
   12784
   12834
   12659
   12735
   12762
   12844
   12967
   12910
   12898
   12855
   12838
   13021
   12752
   12858
   12794
   13090
   12825
   12983
   12997
   12851
   12576
   12981
   13029
   12984
   12853
   12883
   12962
   12874
   12985
   13017
   13065
   13285
   12670
   12998
   13053
   12893
   13226
   12887
   12864
   12814
   13011
   12819
   12944
   12940
   13023
   13075
   12897
   13027
   12933
   12889
   13153
   13198
   12944
   13026
   13047
   13195
   12925
   13016
   13222
   13019
   13093
   13112
   12919
   13085
   13085
   12885
   13372
   13261
   13007
   13119
   13272
   13129
   13051
   13179
   13101
   12979
   13004
   13184
   12858
   13384
   13314
   13102
   13304
   13092
   12980
   13211
   13233
   13120
   13177
   13170
   13193
   13015
   13374
   13107
   13153
   13022
   13176
   13091
   13071
   13074
   13187
   13387
   13206
   13261
   13232
   13174
   13349
   12956
   13191
   13099
   13209
   13355
   13218
   13347
   13363
   13175
   12993
   13143
   13368
   13305
   13211
   13124
   13424
   13423
   13128
   13180
   13360
   13185
   13187
   13267
   13373
   13421
   13278
   13383
   13263
   13080
   13323
   13243
   13231
   13469
   13417
   13451
   13224
   13281
   13442
   13511
   13443
   13522
   13321
   13052
   13321
   13473
   13158
   13545
   13220
   13445
   13263
   13301
   13490
   13459
   13270
   13357
   13248
   13139
   13294
   13291
   13309
   13347
   13316
   13288
   13300
   13098
   13160
   13104
   13261
   13274
   13357
   13374
   13349
   13382
   13408
   13304
   13455
   13262
   13196
   13155
   13474
   13433
   13521
   13350
   13395
   13486
   13147
   13414
   13201
   13215
   13497
   13348
   13159
   13478
   13295
   13468
   13296
   13399
   13257
   13235
   13292
   13638
   13218
   13408
   13383
   13442
   13346
   13279
   13301
   13456
   13489
   13351
   13400
   13527
   13265
   13345
   13210
   13407
   13251
   13632
   13348
   13281
   13377
   13279
   13338
   13543
   13411
   13359
   13364
   13459
   13462
   13254
   13356
   13411
   13548
   13364
   13401
   13431
   13462
   13395
   13570
   13571
   13385
   13310
   13549
   13395
   13541
   13365
   13571
   13400
   13477
   13446
   13580
   13490
   13338
   13432
   13489
   13507
   13475
   13528
   13252
   13555
   13494
   13429
   13398
   13471
   13596
   13497
   13485
   13588
   13350
   13238
   13553
   13678
   13679
   13289
   13377
   13416
   13226
   13317
   13380
   13434
   13238
   13392
   13464
   13304
   13453
   13495
   13521
   13435
   13332
   13434
   13606
   13427
   13206
   13454
   13272
   13279
   13603
   13577
   13692
   13386
   13410
   13429
   13486
   13359
   13474
   13634
   13365
   13445
   13309
   13469
   13371
   13293
   13381
   13743
   13481
   13296
   13326
   13512
   13552
   13190
   13422
   13653
   13367
   13348
   13206
   13439
   13541
   13290
   13572
   13390
   13468
   13567
   13260
   13320
   13359
   13424
   13493
   13233
   13365
   13613
   13195
   13501
   13388
   13292
   13531
   13218
   13393
   13614
   13452
   13250
   13503
   13397
   13503
   13445
   13488
   13568
   13585
   13365
   13500
   13461
   13636
   13574
   13442
   13452
   13380
   13440
   13483
   13666
   13622
   13430
   13483
   13554
   13479
   13539
   13273
   13534
   13355
   13639
   13330
   13414
   13460
   13561
   13525
   13737
   13530
   13695
   13261
   13577
   13656
   13714
   13618
   13422
   13562
   13401
   13761
   13517
   13390
   13472
   13585
   13430
   13735
   13533
   13597
   13581
   13641
   13631
   13465
   13345
   13655
   13772
   13536
   13342
   13564
   13596
   13695
   13573
   13479
   13681
   13632
   13849
   13541
   13610
   13602
   13492
   13746
   13552
   13633
   13530
   13754
   13499
   13725
   13544
   13657
   13530
   13672
   13642
   13532
   13673
   13595
   13524
   13700
   13615
   13752
   13774
   13533
   13743
   13641
   13827
   13372
   13420
   13811
   13657
   13685
   13669
   13670
   13733
   13866
   13609
   13528
   13589
   13775
   13758
   13630
   13654
   13787
   13569
   13807
   13616
   13558
   13633
   13729
   13622
   13660
   13570
   13784
   13703
   13502
   13730
   13666
   13660
   13552
   13694
   13632
   13657
   13903
   13482
   13771
   13759
   13802
   13718
   13447
   13521
   13772
   13795
   13795
   13776
   13835
   13756
   13784
   13785
   13703
   13597
   13636
   13986
   13965
   13764
   13762
   13547
   13735
   13778
   13902
   13633
   13870
   13630
   13931
   14012
   13732
   13759
   13749
   13742
   13974
   13557
   13778
   13853
   13709
   13951
   13779
   13491
   13725
   13752
   13618
   13828
   13665
   13369
   13850
   13848
   13807
   13850
   13749
   13670
   13797
   13860
   13934
   13650
   13947
   13939
   14012
   13441
   13839
   13787
   13707
   13846
   13849
   13799
   13937
   13878
   13879
   13921
   13767
   13856
   14103
   13898
   14055
   13777
   13853
   13779
   13929
   13681
   13801
   13867
   14082
   13770
   13717
   13915
   13817
   14036
   13807
   14141
   14107
   14157
   14040
   14033
   14225
   13912
   14046
   13998
   14398
   14297
   14159
   13927
   14390
   14135
   14186
   14297
   14306
   14236
   14159
   14321
   14388
   14349
   14321
   14128
   14438
   14429
   14586
   14537
   14642
   14606
   14495
   14525
   14508
   14660
   14759
   14782
   14596
   14651
   14569
   14855
   14565
   14920
   14765
   14945
   14732
   15051
   14807
   14821
   14900
   14959
   14956
   14980
   14934
   14970
   15174
   15161
   15126
   15012
   15205
   15034
   15253
   15173
   15406
   15095
   15330
   15129
   15361
   15327
   15315
   15224
   15313
   15292
   15469
   15273
   15355
   15528
   15934
   15395
   15529
   15751
   15654
   15559
   15567
   15464
   15514
   15557
   15448
   15398
   15675
   15533
   15658
   15673
   15688
   15533
   15682
   15617
   15500
   15622
   15649
   15607
   15588
   15780
   15653
   15822
   15493
   15765
   15500
   15523
   15666
   15647
   15628
   15697
   15621
   15681
   15705
   15701
   15905
   15638
   15763
   15602
   15719
   15553
   15569
   15597
   15771
   15657
   15482
   15437
   15644
   15815
   15461
   15315
   15673
   15687
   15600
   15768
   15421
   15710
   15629
   15695
   15450
   15465
   15553
   15747
   15808
   15535
   15352
   15465
   15379
   15186
   15514
   15616
   15603
   15452
   15368
   15497
   15333
   15422
   15474
   15322
   15630
   15832
   15457
   15410
   15544
   15464
   15409
   15216
   15715
   15660
   15533
   15468
   15445
   15561
   15402
   15457
   15427
   15502
   15329
   15556
   15460
   15296
   15533
   15665
   15194
   15296
   15343
   15533
   15463
   15654
   15568
   15525
   15400
   15287
   15612
   15618
   15659
   15366
   15604
   15582
   15361
   15575
   15475
   15432
   15574
   15551
   15400
   15526
   15521
   15572
   15579
   15802
   15588
   15806
   15778
   15823
   15576
   15770
   15601
   15755
   15640
   15919
   15852
   15694
   15801
   15740
   15795
   15559
   15767
   15726
   15671
   15738
   15763
   15812
   15611
   15579
   15503
   15769
   15443
   15811
   16023
   15587
   15624
   15977
   15748
   15857
   15550
   15962
   16354
   16183
   16270
   16513
   16341
   16603
   16556
   16775
   16794
   16974
   16864
   17141
   16876
   16796
   16972
   17094
   16897
   16949
   17003
   16906
   16707
   16693
   16788
   16732
   16730
   16774
   16637
   16757
   16568
   16387
   16231
   15994
   16128
   16070
   16157
   15870
   16035
   16169
   16208
   16083
   16407
   16744
   16594
   16639
   16750
   16626
   16967
   17228
   17310
   17567
   17769
   17777
   17997
   17902
   17959
   17970
   18005
   18084
   18081
   18088
   18196
   17821
   17861
   17849
   17669
   17731
   17399
   17220
   17166
   17130
   17057
   16976
   16750
   16747
   16643
   16541
   16455
   16308
   16206
   16245
   16086
   16142
   15956
   16011
   15897
   16008
   16131
   15817
   15906
   15945
   15809
   15890
   16083
   16115
   15978
   15859
   16185
   16040
   16023
   15995
   16115
   16300
   16326
   16327
   16284
   16204
   16318
   16089
   16317
   16318
   16350
   16584
   16317
   16700
   16452
   16617
   16590
   16643
   16517
   16830
   16911
   16843
   17116
   17278
   17146
   17283
   17637
   17813
   18337
   18405
   19332
   20443
   20969
   21982
   23125
   24597
   26310
   28344
   30400
   32706
   35029
   37252
   39656
   42015
   44361
   46647
   48664
   50400
   52149
   52536
   53138
   53909
   53650
   52930
   52461
   51659
   50865
   49494
   47791
   45914
   44352
   41837
   40239
   38227
   35974
   34043
   32086
   30282
   28321
   27056
   25146
   23807
   22488
   21416
   20562
   20060
   19566
   19462
   19521
   19513
   20341
   21065
   22388
   23378
   25263
   26935
   29662
   32178
   35675
   39343
   43146
   46943
   51424
   55764
   60133
   64651
   68045
   71800
   74652
   77521
   78863
   80034
   81114
   80833
   80639
   79784
   77993
   75434
   73931
   70687
   67841
   64095
   60548
   57076
   53285
   49486
   45865
   42392
   38601
   35324
   32025
   29011
   26004
   24005
   21537
   19892
   18301
   17038
   15586
   14903
   14072
   13796
   13162
   12654
   12439
   12413
   12253
   11859
   12028
   11801
   12027
   11712
   11636
   11703
   11820
   11726
   11732
   11758
   11660
   11675
   11726
   11849
   11646
   11642
   11746
   11744
   11910
   11901
   12141
   11666
   11802
   11984
   12110
   11769
   11974
   12030
   12095
   12066
   11963
   11960
   12274
   12050
   12317
   11982
   11949
   12106
   11873
   11996
   11998
   11806
   11597
   11744
   11668
   11627
   11838
   11755
   11618
   11461
   11636
   11613
   11404
   11399
   11483
   11452
   11355
   11271
   11451
   11276
   11299
   11139
   11169
   11179
   11142
   10973
   11125
   11201
   11194
   11069
   11110
   11374
   11252
   11331
   11221
   11201
   11259
   11230
   11336
   11401
   11346
   11081
   11390
   11288
   11173
   11414
   11403
   11416
   11378
   11281
   11441
   11437
   11352
   11292
   11570
   11145
   11500
   11145
   11326
   11312
   11233
   11303
   11168
   11140
   11273
   11279
   11116
   11169
   11172
   11038
   11228
   11021
   11095
   11068
   11172
   11179
   11219
   11088
   10960
   10956
   11120
   11103
   11014
   11123
   10904
   11075
   11210
   11073
   10905
   10970
   11067
   10938
   11212
   11190
   10972
   11247
   11060
   11165
   11238
   11139
   11134
   11216
   11146
   10984
   11147
   11147
   10990
   10984
   11273
   11281
   11221
   11233
   11169
   11257
   11289
   11319
   11348
   11580
   11429
   11500
   11476
   11454
   11468
   11762
   11724
   11854
   11885
   12040
   12223
   12633
   13060
   13225
   13739
   14388
   14736
   15402
   15962
   16938
   17606
   18185
   19738
   20430
   21804
   22693
   23997
   25600
   26318
   27644
   29120
   29878
   31374
   31832
   33096
   33929
   34989
   35817
   35704
   36151
   35888
   35691
   35309
   35200
   34019
   33332
   32520
   31484
   30362
       0
       0
       0
       0
       0
       0
       0
       0
       0
       0
       0
       0
       0
       0
       0
       0
       0
       0
       0
       0
       0
       0
       0
       0
       0
       0
       0
       0
       0
       0
       0
       0
$ROI:
2
835 876
1040 1048
$PRESETS:
None
0
0
$ENER_FIT:
1.847398 0.039365
$MCA_CAL:
3
1.847398E+000 3.936478E-002 9.340726E-007 keV
$SHAPE_CAL:
3
0.000000E+000 0.000000E+000 0.000000E+000
