$SPEC_ID:
No sample description was entered.
$SPEC_REM:
DET# 4
DETDESC# JLAB-20 MCB 131
AP# Maestro Version 7.01
$DATE_MEA:
12/04/2025 16:12:59
$MEAS_TIM:
942 960
$DATA:
0 2047
       0
       0
       0
       0
       0
       0
       0
       0
       0
       0
       0
       0
       0
       0
       0
       0
       0
       0
       0
       0
       0
       0
       0
       0
       0
       0
       0
       0
       0
       0
       0
       0
       0
       0
       0
       0
       0
       0
       0
       0
       0
       0
       0
       0
       0
       0
       0
       0
       0
       0
       0
       0
       0
       0
       0
       0
       0
       0
       0
       0
       0
       0
       0
       0
       0
       0
       0
       0
       0
      12
     190
     183
     184
     176
     178
     183
     170
     174
     169
     167
     178
     191
     153
     152
     160
     173
     162
     181
     176
     163
     156
     176
     173
     173
     142
     162
     153
     157
     185
     182
     153
     168
     151
     169
     133
     146
     163
     147
     161
     153
     172
     144
     125
     151
     148
     138
     153
     164
     148
     161
     140
     169
     144
     136
     144
     146
     147
     143
     165
     129
     152
     112
     152
     127
     137
     166
     123
     163
     143
     127
     134
     134
     112
     124
     107
     137
     116
     131
     138
     158
     135
     144
     112
     141
     146
      97
     137
     110
     135
     131
     125
     117
     137
     113
     135
     138
     121
     134
     118
     118
     110
      99
     129
     128
     135
     107
     146
     112
     117
     118
     142
     152
     139
     154
     106
     154
     142
     142
     129
     120
     116
     140
     126
     124
     117
     124
     111
     120
     126
     139
     151
     153
     130
     131
     114
     120
     131
     148
     121
     122
     140
     136
     132
     138
     144
     156
     165
     113
     127
     128
     146
     151
     143
     147
     148
     147
     147
     158
     177
     164
     168
     166
     157
     149
     164
     156
     153
     135
     164
     146
     172
     167
     161
     154
     180
     179
     194
     169
     163
     147
     162
     180
     194
     185
     174
     175
     201
     162
     166
     176
     149
     172
     169
     185
     157
     175
     172
     173
     157
     168
     181
     180
     164
     162
     162
     155
     160
     163
     185
     148
     153
     171
     167
     167
     156
     157
     166
     170
     172
     185
     173
     186
     181
     173
     194
     203
     171
     177
     174
     193
     201
     186
     178
     187
     186
     193
     220
     165
     171
     177
     149
     148
     185
     178
     165
     149
     137
     153
     134
     147
     137
     137
     136
     142
     143
     134
     128
     150
     143
     138
     153
     173
     142
     129
     152
     137
     138
     133
     131
     140
     139
     131
     127
     140
     146
     153
     126
     151
     139
     135
     142
     129
     143
     141
     139
     141
     134
     130
     145
     153
     144
     136
     143
     156
     159
     155
     144
     133
     130
     144
     137
     144
     131
     138
     127
     127
     140
     153
     137
     144
     132
     137
     138
     113
     122
     124
     154
     132
     145
     138
     139
     146
     137
     144
     139
     138
     131
     128
     119
     133
     160
     130
     137
     159
     138
     161
     143
     130
     137
     162
     129
     150
     134
     130
     137
     136
     134
     139
     130
     131
     140
     139
     137
     163
     131
     110
     155
     145
     145
     150
     137
     159
     165
     139
     130
     150
     158
     167
     146
     129
     138
     135
     128
     132
     129
     141
     144
     144
     154
     149
     124
     171
     133
     144
     118
     141
     145
     149
     175
     144
     152
     149
     136
     132
     153
     128
     177
     151
     176
     136
     160
     148
     156
     150
     137
     134
     151
     145
     136
     145
     145
     166
     155
     147
     138
     146
     144
     153
     155
     153
     148
     155
     134
     130
     160
     166
     130
     146
     145
     146
     170
     145
     168
     148
     171
     172
     150
     133
     168
     149
     163
     162
     177
     170
     158
     155
     150
     155
     175
     144
     131
     150
     149
     145
     192
     162
     156
     142
     147
     157
     145
     158
     160
     138
     149
     157
     166
     157
     172
     175
     154
     154
     181
     149
     169
     182
     163
     145
     177
     172
     154
     176
     148
     152
     148
     189
     147
     164
     169
     164
     142
     174
     191
     183
     183
     171
     170
     190
     171
     172
     162
     167
     167
     161
     178
     189
     162
     187
     168
     165
     180
     187
     186
     187
     153
     158
     165
     179
     162
     170
     173
     174
     183
     177
     184
     166
     187
     203
     155
     208
     193
     173
     189
     161
     174
     169
     169
     167
     167
     163
     156
     173
     183
     178
     206
     175
     172
     156
     179
     172
     184
     160
     149
     174
     150
     181
     204
     168
     167
     165
     170
     184
     174
     180
     183
     166
     184
     169
     176
     178
     172
     186
     172
     173
     185
     207
     180
     172
     158
     197
     192
     184
     181
     163
     213
     158
     163
     172
     176
     220
     177
     199
     195
     180
     209
     186
     162
     166
     166
     166
     181
     200
     180
     198
     202
     170
     193
     187
     191
     199
     191
     188
     170
     183
     172
     188
     169
     180
     181
     180
     175
     204
     143
     219
     181
     200
     183
     187
     167
     160
     181
     179
     184
     207
     184
     172
     183
     178
     187
     167
     189
     184
     190
     172
     210
     164
     213
     208
     189
     186
     181
     169
     179
     159
     188
     181
     203
     174
     173
     195
     186
     185
     180
     206
     177
     186
     216
     190
     162
     192
     181
     198
     166
     166
     197
     181
     201
     189
     207
     180
     176
     188
     162
     198
     200
     178
     168
     190
     179
     191
     187
     208
     190
     176
     189
     184
     181
     199
     197
     202
     195
     175
     164
     198
     187
     164
     181
     204
     193
     231
     174
     226
     182
     201
     172
     209
     190
     191
     200
     198
     189
     181
     178
     200
     200
     187
     191
     209
     200
     199
     180
     200
     205
     198
     194
     205
     195
     211
     180
     215
     192
     193
     169
     192
     192
     185
     192
     193
     193
     177
     172
     199
     216
     197
     180
     200
     180
     181
     201
     226
     178
     190
     211
     190
     196
     184
     185
     205
     169
     183
     173
     193
     193
     192
     191
     177
     197
     172
     202
     202
     195
     190
     213
     200
     200
     187
     176
     174
     187
     220
     190
     188
     190
     206
     196
     184
     188
     202
     214
     205
     183
     166
     184
     188
     208
     208
     195
     181
     178
     201
     198
     189
     190
     209
     194
     179
     197
     194
     189
     217
     187
     173
     225
     173
     193
     193
     203
     184
     217
     197
     193
     186
     198
     194
     207
     181
     173
     193
     204
     211
     184
     172
     224
     193
     203
     189
     206
     172
     174
     191
     220
     200
     209
     197
     198
     194
     229
     234
     198
     166
     176
     207
     231
     193
     157
     215
     175
     187
     172
     206
     192
     192
     204
     221
     188
     179
     198
     204
     197
     175
     204
     209
     194
     229
     186
     175
     175
     177
     193
     181
     202
     202
     202
     215
     192
     206
     217
     178
     187
     195
     203
     189
     222
     189
     195
     188
     179
     217
     191
     198
     189
     177
     199
     208
     166
     169
     186
     186
     193
     181
     174
     189
     194
     193
     198
     198
     205
     212
     217
     207
     194
     197
     198
     203
     190
     203
     198
     176
     203
     183
     206
     182
     198
     200
     202
     188
     220
     180
     184
     227
     187
     203
     211
     197
     196
     186
     198
     197
     198
     202
     193
     208
     197
     197
     184
     194
     216
     225
     199
     189
     201
     212
     207
     197
     202
     213
     183
     201
     193
     203
     211
     184
     195
     181
     200
     197
     183
     219
     183
     201
     180
     188
     184
     193
     198
     183
     202
     194
     211
     200
     201
     199
     192
     210
     204
     194
     213
     194
     180
     189
     210
     168
     194
     220
     218
     182
     206
     209
     187
     208
     194
     205
     192
     224
     194
     202
     214
     209
     171
     174
     196
     210
     174
     198
     213
     192
     162
     211
     226
     167
     206
     197
     207
     161
     209
     202
     183
     202
     187
     216
     174
     220
     224
     190
     220
     192
     206
     205
     199
     217
     207
     194
     190
     220
     202
     223
     181
     206
     201
     202
     244
     225
     212
     207
     196
     183
     210
     218
     199
     191
     194
     204
     208
     185
     167
     199
     233
     184
     221
     206
     197
     223
     212
     199
     194
     210
     204
     190
     199
     178
     189
     204
     209
     198
     197
     198
     196
     177
     213
     170
     189
     207
     205
     192
     165
     187
     208
     166
     204
     206
     174
     192
     210
     200
     194
     209
     217
     182
     193
     203
     199
     195
     209
     230
     193
     177
     192
     192
     220
     217
     208
     197
     204
     214
     213
     202
     218
     184
     187
     203
     187
     198
     189
     192
     189
     220
     184
     173
     188
     233
     189
     207
     209
     217
     225
     203
     180
     214
     221
     216
     197
     212
     216
     221
     200
     207
     185
     176
     222
     192
     201
     187
     209
     190
     195
     193
     194
     202
     204
     199
     195
     171
     200
     196
     201
     222
     206
     179
     184
     221
     180
     200
     218
     201
     183
     202
     202
     230
     202
     208
     228
     205
     184
     204
     203
     189
     209
     192
     203
     198
     204
     198
     209
     174
     195
     191
     212
     210
     213
     202
     228
     206
     191
     183
     247
     191
     218
     198
     212
     225
     181
     193
     217
     191
     215
     190
     231
     196
     198
     201
     221
     187
     193
     198
     190
     199
     208
     220
     212
     189
     213
     211
     197
     209
     211
     202
     221
     194
     217
     204
     202
     199
     185
     185
     223
     241
     201
     226
     205
     227
     229
     225
     215
     238
     229
     216
     207
     230
     221
     210
     196
     232
     208
     225
     216
     206
     248
     242
     214
     216
     214
     240
     238
     212
     236
     220
     204
     213
     196
     216
     216
     243
     202
     186
     249
     228
     235
     214
     225
     251
     243
     204
     211
     198
     218
     246
     219
     241
     222
     219
     208
     222
     238
     225
     248
     236
     233
     226
     234
     211
     221
     262
     234
     217
     243
     254
     254
     227
     239
     228
     208
     207
     242
     249
     228
     230
     234
     230
     228
     213
     212
     228
     217
     234
     222
     254
     239
     239
     243
     205
     222
     216
     205
     225
     225
     231
     213
     239
     247
     233
     230
     213
     213
     218
     247
     220
     209
     224
     226
     236
     222
     201
     193
     251
     242
     245
     238
     212
     242
     252
     218
     254
     235
     237
     251
     224
     211
     216
     225
     211
     209
     214
     235
     222
     213
     232
     244
     226
     257
     232
     222
     209
     244
     227
     255
     211
     220
     221
     259
     240
     230
     222
     247
     225
     244
     241
     241
     231
     222
     217
     221
     223
     230
     237
     234
     218
     246
     221
     239
     226
     198
     248
     237
     248
     237
     236
     245
     254
     247
     214
     264
     223
     234
     229
     235
     232
     230
     246
     232
     274
     220
     257
     227
     205
     214
     248
     230
     259
     252
     222
     239
     220
     230
     255
     225
     230
     259
     229
     209
     243
     262
     202
     210
     230
     210
     212
     211
     226
     241
     205
     224
     282
     222
     252
     257
     250
     254
     229
     247
     267
     244
     264
     267
     270
     253
     283
     273
     266
     289
     271
     265
     272
     275
     248
     243
     243
     280
     252
     245
     283
     261
     245
     237
     256
     250
     224
     230
     233
     259
     231
     240
     245
     238
     247
     245
     258
     267
     257
     250
     248
     271
     268
     281
     268
     270
     269
     284
     297
     300
     292
     267
     285
     278
     274
     280
     289
     257
     271
     298
     282
     271
     269
     279
     263
     263
     253
     220
     273
     256
     263
     234
     232
     248
     244
     256
     257
     217
     243
     228
     270
     247
     219
     241
     232
     244
     221
     228
     229
     225
     238
     239
     225
     250
     253
     252
     224
     228
     252
     223
     223
     259
     264
     259
     246
     251
     222
     225
     234
     254
     260
     263
     252
     227
     235
     232
     246
     249
     256
     277
     268
     242
     272
     307
     288
     268
     306
     318
     312
     365
     368
     403
     386
     475
     508
     558
     559
     631
     667
     689
     717
     702
     746
     736
     788
     779
     771
     765
     777
     793
     733
     734
     673
     639
     640
     626
     577
     556
     522
     508
     477
     436
     443
     368
     325
     373
     311
     294
     291
     270
     283
     294
     296
     287
     271
     328
     284
     334
     336
     370
     387
     446
     467
     535
     622
     677
     751
     787
     798
     883
     973
    1064
    1026
    1152
    1161
    1255
    1170
    1171
    1183
    1197
    1131
    1164
    1029
    1032
     962
     962
     882
     785
     752
     700
     684
     625
     572
     524
     463
     431
     361
     354
     323
     266
     278
     213
     223
     218
     210
     209
     187
     188
     188
     181
     183
     182
     191
     173
     163
     193
     169
     176
     187
     189
     180
     176
     161
     179
     168
     165
     167
     178
     187
     178
     175
     184
     169
     169
     153
     170
     182
     194
     205
     193
     179
     184
     203
     183
     178
     159
     178
     190
     149
     192
     165
     181
     183
     199
     166
     190
     191
     200
     181
     175
     180
     188
     163
     179
     188
     165
     189
     162
     159
     159
     185
     157
     145
     177
     174
     168
     170
     157
     157
     166
     151
     159
     175
     168
     163
     167
     165
     158
     156
     172
     160
     183
     181
     148
     167
     150
     174
     164
     157
     132
     163
     142
     166
     167
     185
     170
     178
     172
     181
     181
     183
     131
     154
     143
     158
     178
     156
     187
     152
     142
     139
     181
     163
     170
     168
     135
     154
     168
     158
     166
     172
     152
     161
     137
     182
     155
     155
     159
     163
     146
     150
     151
     160
     163
     148
     161
     160
     151
     171
     165
     174
     162
     171
     150
     136
     130
     180
     149
     150
     159
     185
     157
     141
     177
     160
     175
     153
     158
     159
     136
     170
     160
     194
     177
     160
     169
     174
     179
     141
     157
     164
     179
     165
     206
     189
     186
     212
     209
     211
     251
     270
     257
     276
     284
     312
     324
     322
     348
     383
     402
     382
     455
     435
     476
     459
     495
     490
     501
     484
     490
     488
     517
     515
     500
     498
     478
     458
       0
       0
       0
       0
       0
       0
       0
       0
       0
       0
       0
       0
       0
       0
       0
       0
       0
       0
       0
       0
       0
       0
       0
       0
       0
       0
       0
       0
       0
       0
       0
       0
$ROI:
2
835 876
1040 1048
$PRESETS:
None
0
0
$ENER_FIT:
1.847398 0.039365
$MCA_CAL:
3
1.847398E+000 3.936478E-002 9.340726E-007 keV
$SHAPE_CAL:
3
0.000000E+000 0.000000E+000 0.000000E+000
