$SPEC_ID:
No sample description was entered.
$SPEC_REM:
DET# 4
DETDESC# JLAB-20 MCB 131
AP# Maestro Version 7.01
$DATE_MEA:
12/05/2025 15:19:36
$MEAS_TIM:
2100 2150
$DATA:
0 2047
       0
       0
       0
       0
       0
       0
       0
       0
       0
       0
       0
       0
       0
       0
       0
       0
       0
       0
       0
       0
       0
       0
       0
       0
       0
       0
       0
       0
       0
       0
       0
       0
       0
       0
       0
       0
       0
       0
       0
       0
       0
       0
       0
       0
       0
       0
       0
       0
       0
       0
       0
       0
       0
       0
       0
       0
       0
       0
       0
       0
       0
       0
       0
       0
       0
       0
       0
       0
       0
      32
     562
     623
     566
     608
     586
     569
     569
     585
     636
     563
     556
     522
     559
     525
     508
     520
     542
     490
     529
     500
     523
     487
     508
     491
     506
     459
     524
     458
     524
     449
     467
     440
     472
     472
     506
     466
     441
     459
     458
     453
     472
     460
     460
     418
     416
     446
     456
     445
     457
     414
     445
     429
     438
     448
     445
     415
     417
     398
     409
     464
     407
     395
     429
     413
     405
     433
     406
     398
     425
     408
     374
     386
     395
     372
     399
     393
     377
     404
     435
     369
     400
     368
     387
     397
     400
     396
     381
     386
     407
     366
     392
     362
     362
     403
     397
     391
     438
     406
     417
     399
     394
     385
     396
     394
     406
     361
     387
     395
     391
     356
     386
     391
     414
     354
     439
     362
     405
     343
     380
     390
     380
     369
     395
     394
     407
     376
     377
     389
     386
     388
     388
     399
     373
     396
     384
     392
     395
     414
     398
     397
     361
     388
     442
     395
     388
     403
     381
     394
     355
     406
     398
     454
     411
     422
     432
     424
     405
     397
     451
     433
     452
     431
     456
     478
     504
     482
     436
     486
     552
     552
     593
     576
     633
     639
     686
     627
     615
     687
     644
     634
     679
     644
     633
     649
     690
     636
     618
     629
     624
     598
     594
     580
     586
     566
     573
     561
     535
     500
     504
     468
     482
     521
     499
     516
     431
     473
     460
     493
     498
     474
     507
     495
     512
     553
     538
     581
     542
     560
     630
     655
     656
     696
     712
     704
     720
     718
     744
     745
     822
     773
     764
     759
     787
     727
     748
     716
     668
     752
     620
     658
     638
     635
     591
     600
     572
     567
     520
     557
     466
     495
     488
     473
     433
     452
     431
     472
     450
     430
     427
     446
     424
     408
     406
     467
     419
     457
     461
     452
     449
     443
     468
     452
     428
     421
     433
     487
     450
     459
     437
     477
     453
     475
     467
     469
     439
     472
     495
     476
     464
     450
     470
     426
     451
     417
     508
     436
     444
     435
     448
     394
     482
     455
     447
     483
     434
     435
     395
     416
     417
     449
     431
     472
     393
     445
     414
     416
     446
     422
     454
     451
     434
     446
     407
     415
     430
     415
     428
     420
     444
     425
     431
     422
     425
     416
     389
     454
     408
     435
     446
     463
     439
     434
     461
     388
     413
     448
     478
     481
     470
     446
     418
     464
     405
     433
     470
     395
     434
     471
     392
     451
     415
     459
     452
     469
     470
     511
     471
     464
     463
     462
     464
     448
     487
     445
     460
     485
     477
     465
     496
     444
     464
     461
     485
     459
     493
     474
     482
     446
     529
     499
     496
     467
     468
     500
     452
     533
     513
     509
     477
     490
     534
     525
     502
     546
     556
     540
     519
     564
     559
     576
     607
     569
     635
     710
     681
     719
     767
     794
     822
     910
     930
     988
    1067
    1053
    1101
    1191
    1176
    1221
    1178
    1166
    1192
    1237
    1207
    1202
    1144
    1166
    1158
    1062
    1033
    1004
     946
     951
     933
     883
     789
     784
     763
     726
     700
     692
     620
     605
     601
     529
     532
     592
     523
     581
     558
     531
     527
     574
     543
     559
     481
     545
     549
     518
     569
     540
     573
     595
     505
     615
     588
     568
     587
     610
     569
     591
     629
     609
     592
     668
     679
     648
     673
     662
     719
     707
     707
     696
     694
     717
     728
     703
     724
     744
     722
     688
     706
     705
     657
     692
     686
     700
     669
     665
     611
     656
     622
     650
     576
     564
     570
     624
     605
     553
     631
     578
     574
     579
     605
     550
     589
     551
     522
     564
     531
     550
     559
     549
     582
     526
     572
     579
     539
     573
     568
     550
     558
     568
     565
     560
     522
     521
     505
     584
     583
     527
     538
     559
     562
     558
     577
     559
     577
     565
     550
     588
     551
     550
     555
     581
     536
     527
     525
     593
     554
     563
     566
     592
     550
     520
     570
     596
     610
     575
     555
     557
     591
     588
     593
     581
     581
     610
     607
     603
     549
     545
     562
     594
     548
     577
     608
     582
     555
     556
     607
     551
     565
     557
     577
     577
     613
     608
     586
     590
     576
     570
     570
     545
     566
     545
     548
     590
     551
     646
     590
     578
     599
     618
     597
     662
     570
     549
     591
     573
     558
     580
     575
     575
     585
     555
     605
     595
     566
     568
     588
     575
     568
     557
     595
     583
     591
     597
     587
     627
     547
     580
     617
     571
     573
     565
     631
     618
     567
     560
     582
     555
     585
     585
     602
     636
     594
     615
     621
     544
     574
     558
     619
     604
     583
     646
     570
     599
     573
     628
     600
     585
     610
     598
     613
     614
     624
     607
     564
     596
     624
     599
     606
     587
     612
     636
     572
     598
     595
     564
     634
     582
     607
     592
     595
     595
     597
     577
     618
     606
     627
     544
     618
     582
     584
     630
     605
     661
     598
     616
     587
     607
     598
     639
     585
     620
     574
     613
     551
     589
     635
     605
     572
     576
     619
     572
     598
     543
     608
     639
     601
     560
     604
     572
     626
     607
     579
     583
     594
     578
     573
     580
     619
     597
     597
     554
     620
     599
     610
     563
     606
     590
     591
     590
     577
     663
     576
     628
     617
     562
     607
     618
     587
     589
     568
     650
     629
     607
     627
     566
     604
     557
     620
     544
     585
     631
     618
     600
     612
     564
     621
     585
     601
     595
     620
     632
     580
     626
     610
     599
     567
     614
     616
     598
     601
     620
     572
     613
     642
     633
     631
     623
     602
     584
     588
     563
     594
     619
     592
     597
     583
     601
     636
     619
     606
     568
     587
     644
     612
     608
     554
     636
     610
     581
     615
     618
     557
     588
     568
     581
     620
     561
     624
     599
     616
     602
     637
     623
     592
     655
     579
     604
     630
     628
     583
     571
     600
     637
     602
     605
     588
     611
     576
     637
     683
     588
     595
     589
     611
     609
     596
     601
     599
     631
     616
     618
     621
     633
     606
     662
     608
     616
     650
     600
     633
     606
     615
     590
     613
     634
     593
     627
     612
     599
     613
     613
     640
     589
     612
     630
     576
     645
     574
     620
     577
     592
     592
     587
     541
     635
     567
     574
     601
     626
     594
     617
     618
     643
     627
     624
     593
     626
     573
     619
     568
     564
     613
     603
     577
     634
     603
     614
     603
     564
     600
     620
     619
     670
     572
     590
     576
     603
     611
     586
     649
     603
     593
     619
     601
     628
     622
     579
     607
     617
     572
     594
     598
     617
     606
     609
     598
     613
     578
     634
     597
     615
     592
     608
     601
     650
     594
     598
     609
     611
     598
     567
     578
     587
     571
     598
     651
     584
     600
     595
     632
     566
     613
     576
     616
     610
     608
     608
     583
     616
     598
     635
     616
     619
     590
     613
     603
     625
     589
     603
     576
     622
     604
     598
     606
     580
     609
     599
     579
     581
     613
     584
     636
     635
     607
     625
     569
     597
     602
     571
     582
     588
     619
     611
     597
     618
     638
     598
     611
     603
     602
     612
     654
     629
     596
     614
     572
     576
     590
     568
     602
     575
     617
     602
     620
     642
     610
     636
     601
     640
     637
     614
     628
     593
     634
     651
     650
     576
     596
     612
     621
     594
     579
     596
     623
     611
     643
     623
     617
     602
     570
     583
     629
     596
     594
     630
     609
     617
     587
     562
     623
     630
     574
     596
     623
     632
     589
     593
     557
     579
     616
     627
     585
     583
     624
     554
     623
     562
     625
     617
     600
     614
     595
     647
     619
     568
     603
     619
     595
     608
     592
     590
     588
     573
     595
     638
     592
     611
     646
     619
     628
     613
     629
     630
     645
     572
     623
     656
     588
     619
     581
     570
     611
     595
     595
     649
     595
     599
     594
     590
     571
     615
     598
     570
     577
     603
     624
     633
     628
     615
     592
     590
     579
     595
     630
     593
     605
     610
     599
     593
     612
     615
     618
     626
     612
     594
     621
     601
     593
     597
     636
     604
     626
     616
     616
     604
     604
     612
     641
     586
     591
     573
     630
     631
     631
     597
     635
     566
     617
     605
     611
     612
     603
     588
     626
     587
     617
     560
     583
     575
     680
     626
     580
     578
     586
     598
     597
     617
     627
     603
     613
     639
     570
     658
     614
     560
     597
     585
     612
     602
     642
     605
     572
     600
     611
     633
     608
     677
     638
     599
     614
     584
     623
     617
     626
     616
     606
     623
     612
     669
     591
     629
     603
     651
     598
     593
     646
     592
     641
     599
     611
     598
     603
     641
     626
     599
     587
     571
     578
     610
     628
     599
     619
     624
     632
     654
     587
     620
     624
     669
     625
     628
     625
     629
     627
     662
     613
     668
     603
     632
     635
     623
     601
     647
     639
     642
     601
     665
     677
     699
     604
     639
     638
     640
     634
     637
     619
     646
     645
     590
     612
     599
     634
     634
     619
     698
     632
     631
     654
     617
     656
     624
     666
     649
     658
     658
     665
     618
     703
     666
     640
     638
     659
     656
     648
     677
     648
     692
     652
     678
     686
     691
     676
     612
     668
     690
     672
     646
     691
     682
     681
     683
     701
     615
     693
     622
     722
     647
     683
     655
     656
     677
     674
     662
     638
     667
     651
     652
     710
     629
     651
     684
     670
     694
     674
     678
     665
     691
     622
     641
     676
     670
     699
     694
     674
     643
     689
     708
     624
     666
     684
     646
     659
     682
     651
     667
     644
     630
     723
     703
     610
     688
     688
     656
     698
     635
     690
     687
     684
     640
     612
     660
     652
     645
     629
     674
     676
     663
     666
     655
     675
     664
     676
     681
     679
     678
     676
     685
     741
     644
     668
     703
     715
     679
     702
     719
     623
     719
     667
     700
     669
     698
     659
     689
     658
     681
     672
     668
     700
     714
     639
     713
     663
     651
     690
     679
     637
     665
     664
     704
     687
     675
     681
     655
     719
     706
     699
     667
     696
     669
     646
     696
     670
     714
     696
     669
     658
     761
     656
     686
     694
     677
     658
     674
     712
     652
     665
     707
     653
     667
     660
     635
     664
     656
     720
     665
     701
     749
     670
     650
     654
     679
     668
     673
     659
     650
     701
     672
     693
     649
     700
     680
     730
     666
     679
     686
     702
     676
     641
     694
     691
     709
     693
     697
     698
     723
     703
     650
     707
     705
     696
     733
     715
     672
     679
     708
     693
     670
     670
     673
     691
     675
     671
     666
     660
     700
     680
     665
     664
     679
     705
     716
     666
     730
     731
     707
     718
     674
     663
     729
     717
     713
     683
     646
     689
     666
     705
     706
     678
     697
     673
     670
     699
     693
     650
     681
     742
     676
     716
     670
     671
     707
     689
     741
     700
     720
     700
     747
     741
     724
     708
     650
     720
     703
     717
     725
     713
     660
     683
     684
     683
     755
     742
     715
     688
     660
     729
     731
     727
     684
     673
     742
     728
     793
     746
     727
     746
     733
     748
     772
     751
     733
     775
     793
     693
     794
     731
     778
     764
     809
     795
     789
     827
     829
     869
     938
     941
     965
    1017
    1112
    1151
    1273
    1357
    1529
    1606
    1803
    1897
    2097
    2292
    2442
    2604
    2733
    2940
    2993
    3129
    3148
    3246
    3327
    3381
    3294
    3271
    3282
    3202
    2951
    3045
    2902
    2749
    2679
    2561
    2353
    2259
    2116
    1948
    1757
    1709
    1579
    1476
    1369
    1250
    1215
    1148
    1099
    1001
    1015
     992
     969
    1105
    1045
    1110
    1210
    1240
    1421
    1551
    1754
    1964
    2234
    2419
    2682
    3046
    3317
    3656
    3844
    4122
    4414
    4651
    4952
    5023
    5087
    5215
    5250
    5252
    5150
    5039
    4888
    4848
    4765
    4460
    4139
    4076
    3680
    3469
    3368
    2957
    2631
    2546
    2228
    1982
    1783
    1640
    1462
    1318
    1177
    1080
     930
     779
     723
     690
     672
     634
     586
     565
     549
     565
     592
     504
     542
     485
     496
     543
     521
     460
     505
     530
     518
     516
     510
     535
     492
     516
     495
     495
     492
     506
     493
     485
     506
     464
     488
     484
     504
     493
     505
     488
     479
     504
     525
     452
     459
     487
     515
     464
     466
     476
     465
     521
     479
     446
     478
     469
     465
     471
     477
     503
     453
     456
     463
     513
     475
     488
     471
     455
     465
     485
     510
     481
     458
     492
     469
     456
     448
     457
     467
     466
     474
     473
     480
     443
     458
     485
     500
     445
     485
     501
     472
     472
     487
     504
     485
     495
     498
     456
     503
     499
     444
     431
     472
     462
     494
     465
     492
     488
     496
     460
     438
     491
     470
     438
     449
     516
     488
     465
     459
     459
     467
     480
     473
     465
     460
     446
     480
     475
     467
     474
     523
     454
     482
     477
     476
     453
     492
     455
     490
     475
     486
     485
     462
     425
     473
     507
     472
     517
     468
     478
     510
     473
     439
     514
     452
     441
     467
     497
     427
     489
     507
     525
     508
     471
     456
     505
     467
     484
     499
     514
     517
     555
     504
     507
     541
     529
     526
     577
     549
     600
     622
     637
     644
     631
     691
     718
     762
     845
     797
     893
     918
    1012
    1102
    1091
    1279
    1358
    1459
    1442
    1517
    1622
    1649
    1780
    1832
    1872
    1979
    2021
    2080
    2088
    2106
    2138
    2142
    2172
    1979
    2089
    1921
    1854
    1810
    1762
    1701
    1572
    1606
       0
       0
       0
       0
       0
       0
       0
       0
       0
       0
       0
       0
       0
       0
       0
       0
       0
       0
       0
       0
       0
       0
       0
       0
       0
       0
       0
       0
       0
       0
       0
       0
$ROI:
2
835 876
1040 1048
$PRESETS:
None
0
0
$ENER_FIT:
1.847398 0.039365
$MCA_CAL:
3
1.847398E+000 3.936478E-002 9.340726E-007 keV
$SHAPE_CAL:
3
0.000000E+000 0.000000E+000 0.000000E+000
