$SPEC_ID:
No sample description was entered.
$SPEC_REM:
DET# 4
DETDESC# JLAB-20 MCB 131
AP# Maestro Version 7.01
$DATE_MEA:
12/04/2025 16:30:11
$MEAS_TIM:
5301 5407
$DATA:
0 2047
       0
       0
       0
       0
       0
       0
       0
       0
       0
       0
       0
       0
       0
       0
       0
       0
       0
       0
       0
       0
       0
       0
       0
       0
       0
       0
       0
       0
       0
       0
       0
       0
       0
       0
       0
       0
       0
       0
       0
       0
       0
       0
       0
       0
       0
       0
       0
       0
       0
       0
       0
       0
       0
       0
       0
       0
       0
       0
       0
       0
       0
       0
       0
       1
       2
       1
       0
       0
       0
      44
    1136
    1230
    1188
    1136
    1181
    1165
    1112
    1128
    1057
    1107
    1095
    1095
    1001
    1122
    1105
    1037
    1076
    1023
     958
    1037
    1011
    1002
    1018
     955
     987
     950
     983
     947
     973
     951
     907
     910
     939
     910
     942
     890
     899
     937
     858
     862
     940
     899
     894
     907
     921
     922
     871
     887
     918
     916
     879
     883
     904
     852
     865
     830
     838
     851
     817
     898
     830
     829
     882
     836
     814
     804
     852
     859
     852
     813
     820
     752
     862
     803
     837
     772
     825
     832
     767
     780
     776
     816
     792
     789
     755
     761
     742
     834
     778
     813
     774
     741
     784
     790
     755
     761
     715
     816
     782
     764
     790
     834
     765
     815
     793
     806
     730
     846
     792
     781
     794
     818
     782
     762
     786
     794
     803
     760
     800
     816
     796
     781
     752
     746
     817
     769
     788
     768
     769
     791
     784
     826
     797
     796
     827
     746
     821
     787
     777
     800
     834
     796
     863
     862
     861
     855
     829
     882
     904
     852
     885
     855
     842
     834
     888
     843
     936
     866
     892
     886
     891
     871
     864
     890
     933
     918
     931
     937
     986
     979
    1018
    1020
     993
    1014
    1022
    1062
     976
    1073
    1068
    1155
    1084
    1163
    1092
    1119
    1058
    1044
    1109
    1117
    1083
    1045
    1099
    1038
    1093
    1015
    1067
     981
     987
    1018
     989
     972
     967
     960
     996
     928
     952
     914
     927
     896
     917
     888
     896
     885
     935
     905
     991
     981
    1010
     969
    1007
     973
    1055
    1092
    1068
    1030
    1143
    1069
    1118
    1146
    1167
    1177
    1147
    1136
    1207
    1124
    1123
    1075
    1103
    1149
    1124
    1054
    1039
    1031
    1044
    1018
     972
     934
     975
     918
     964
     916
     941
     918
     851
     876
     899
     829
     815
     859
     900
     871
     901
     868
     841
     879
     812
     841
     858
     840
     839
     847
     911
     853
     923
     855
     888
     900
     914
     899
     915
     939
     826
     947
     882
     910
     924
     875
     930
     917
     899
     929
     914
     848
     908
     837
     921
     901
     867
     907
     900
     880
     939
     820
     894
     815
     840
     874
     897
     849
     862
     836
     916
     896
     901
     822
     830
     817
     853
     813
     833
     865
     834
     900
     868
     902
     918
     903
     788
     891
     910
     863
     853
     855
     896
     869
     792
     892
     876
     904
     858
     851
     885
     826
     847
     818
     863
     873
     828
     836
     882
     863
     862
     871
     923
     842
     846
     864
     843
     848
     807
     863
     813
     874
     863
     851
     843
     892
     935
     875
     851
     807
     859
     824
     896
     883
     833
     868
     872
     896
     846
     880
     884
     853
     815
     883
     914
     827
     898
     934
     859
     820
     918
     908
     875
     877
     846
     870
     886
     888
     907
     879
     901
     914
     903
     892
     935
     872
     899
     862
     876
     884
     894
     856
     882
     924
     892
     850
     870
     873
     873
     939
     900
     941
     878
     903
     928
     879
     916
     894
     903
     929
     959
     905
     963
     880
     919
     901
     877
     938
     918
     900
     889
     918
     909
     913
     974
     933
     879
     910
     839
     930
     982
     918
     913
     881
     946
     907
     933
     890
     965
     903
     949
     908
    1006
     967
     952
     960
     946
     921
     917
     918
     929
     979
     920
     885
     961
     940
     926
     936
     971
     999
     966
     981
     965
     938
     970
     977
     965
     918
     985
     983
     934
     977
     937
     998
    1038
    1047
    1006
    1004
     967
     996
    1005
     942
    1048
     942
     992
    1059
     946
    1052
    1080
     963
    1016
    1014
     998
    1069
    1024
    1064
     971
     989
    1011
    1004
    1020
    1012
     940
    1013
     977
     964
     954
    1011
    1020
    1022
    1012
    1008
     981
     922
     982
    1022
     972
     983
     966
     963
     979
     990
     946
     990
    1009
     988
     984
     978
    1070
    1015
    1012
     992
     991
     974
    1056
     991
    1016
     943
     999
    1043
     992
    1020
     954
    1018
    1067
     997
     990
    1059
    1013
    1004
    1046
    1043
    1032
    1096
    1085
    1034
    1024
    1014
    1085
    1054
     961
    1013
    1045
    1091
    1025
    1041
    1052
    1097
    1040
    1006
     993
    1079
     996
    1098
     964
     980
    1041
    1041
    1016
    1031
     978
    1045
    1020
    1081
    1002
    1068
    1022
    1074
     995
    1017
    1066
    1061
    1008
    1051
    1073
    1080
    1033
    1021
    1034
    1060
    1059
    1061
    1034
    1020
    1065
    1067
    1080
    1083
    1043
    1046
    1056
    1019
    1073
    1077
    1030
    1097
    1051
    1122
    1041
    1033
    1069
    1001
    1015
    1061
    1060
    1021
    1072
    1021
    1057
    1033
    1057
    1099
    1043
    1037
     998
    1010
    1079
    1071
    1052
    1081
    1075
    1033
    1075
    1088
    1100
    1065
    1037
    1094
    1089
    1020
    1075
    1081
    1018
    1044
    1073
    1092
    1083
    1039
    1135
    1068
    1055
    1066
    1118
    1108
    1064
    1072
     988
    1044
    1047
    1085
    1055
    1039
    1008
    1135
    1104
    1081
    1011
    1116
    1072
    1043
    1065
    1087
    1092
    1063
    1061
    1091
    1079
    1026
    1068
    1072
    1116
    1093
    1060
    1081
    1132
    1136
    1094
    1064
    1056
    1088
    1138
    1111
    1048
    1049
    1078
    1049
    1096
    1102
    1049
    1105
    1122
    1128
    1069
     994
    1027
    1108
    1088
    1075
    1113
    1105
    1034
    1080
    1130
    1147
    1143
    1079
    1059
    1102
    1104
    1097
    1034
    1117
    1026
    1074
    1065
    1088
    1081
    1095
    1060
    1048
    1060
    1052
    1126
    1081
    1035
    1063
    1078
    1070
    1060
    1084
    1084
    1103
    1141
    1128
    1125
    1151
    1121
    1105
    1118
    1101
    1150
    1080
    1065
    1128
    1115
    1059
    1020
    1079
    1124
    1089
    1106
    1115
    1102
    1109
    1071
    1159
    1102
    1105
    1126
    1087
    1098
    1128
    1080
    1093
    1119
    1103
    1121
    1069
    1093
    1053
    1117
    1142
    1121
    1115
    1097
    1100
    1062
    1065
    1103
    1051
    1090
    1133
    1091
    1103
    1077
    1123
    1086
    1076
    1057
    1119
    1122
    1123
    1102
    1147
    1121
    1151
    1109
    1116
    1106
    1097
    1084
    1086
    1115
    1068
    1073
    1125
    1121
    1132
    1090
    1102
    1080
    1154
    1073
    1101
    1152
    1026
    1057
    1125
    1073
    1042
    1085
    1080
    1106
    1098
    1054
    1153
    1068
    1125
    1147
    1117
    1113
    1073
    1083
    1070
    1123
    1123
    1161
    1081
    1134
    1063
    1086
    1140
    1094
    1122
    1086
    1065
    1112
    1069
    1146
    1107
    1041
    1050
    1112
    1071
    1128
    1131
    1182
    1115
    1123
    1089
    1095
    1067
    1107
    1098
    1098
    1058
    1057
    1090
    1041
    1151
    1084
    1193
    1087
    1055
    1081
    1129
    1106
    1076
    1051
    1122
    1054
    1147
    1120
    1082
    1129
    1108
    1133
    1084
    1122
    1075
    1131
    1135
    1097
    1203
    1062
    1104
    1072
    1128
    1095
    1111
    1081
    1052
    1105
    1115
    1117
    1072
    1120
    1106
    1119
    1152
    1168
    1082
    1114
    1090
    1137
    1087
    1083
    1096
    1130
    1145
    1080
    1135
    1092
    1094
    1101
    1144
    1072
    1040
    1023
    1100
    1069
    1124
    1085
    1114
    1069
    1080
    1074
    1116
    1100
    1139
    1083
    1125
    1124
    1062
    1081
    1163
    1079
    1034
    1090
    1169
    1104
    1068
    1046
    1082
    1051
    1095
    1149
    1124
    1099
    1076
    1127
    1120
    1069
    1009
    1063
    1089
    1183
    1077
    1112
    1073
    1089
    1102
    1089
    1117
    1099
    1139
    1079
    1106
    1114
    1104
    1033
    1069
    1096
    1108
    1072
    1050
    1089
    1094
    1141
    1105
    1095
    1139
    1168
    1147
    1030
    1124
    1122
    1117
    1081
    1112
    1145
    1119
    1159
    1062
    1062
    1118
    1102
    1136
    1115
    1143
    1131
    1102
    1109
    1114
    1124
    1105
    1094
    1097
    1034
    1190
    1099
    1143
    1085
    1163
    1130
    1136
    1110
    1146
    1127
    1153
    1097
    1106
    1064
    1098
    1158
    1125
    1125
    1121
    1111
    1083
    1202
    1166
    1113
    1164
    1115
    1133
    1112
    1108
    1139
    1101
    1175
    1139
    1121
    1074
    1091
    1147
    1111
    1106
    1173
    1098
    1103
    1090
    1080
    1144
    1151
    1115
    1089
    1168
    1089
    1128
    1058
    1181
    1104
    1185
    1125
    1156
    1086
    1097
    1129
    1094
    1082
    1114
    1166
    1135
    1110
    1128
    1137
    1104
    1180
    1192
    1053
    1153
    1154
    1060
    1067
    1086
    1165
    1110
    1103
    1173
    1143
    1091
    1120
    1107
    1080
    1128
    1131
    1105
    1125
    1066
    1157
    1154
    1135
    1104
    1096
    1155
    1177
    1123
    1092
    1104
    1106
    1145
    1111
    1129
    1133
    1120
    1142
    1071
    1136
    1160
    1086
    1133
    1171
    1094
    1086
    1142
    1133
    1176
    1143
    1136
    1163
    1175
    1170
    1137
    1189
    1084
    1157
    1125
    1158
    1146
    1150
    1094
    1131
    1119
    1187
    1110
    1145
    1177
    1156
    1114
    1172
    1194
    1131
    1150
    1130
    1152
    1091
    1168
    1103
    1077
    1108
    1179
    1154
    1185
    1155
    1160
    1185
    1130
    1172
    1133
    1122
    1080
    1140
    1113
    1170
    1137
    1128
    1114
    1118
    1158
    1105
    1161
    1111
    1234
    1130
    1175
    1132
    1162
    1172
    1088
    1193
    1151
    1067
    1134
    1182
    1111
    1146
    1156
    1174
    1186
    1169
    1183
    1173
    1108
    1208
    1093
    1161
    1140
    1111
    1142
    1179
    1101
    1177
    1218
    1222
    1189
    1183
    1165
    1137
    1206
    1201
    1178
    1203
    1214
    1221
    1222
    1191
    1181
    1171
    1204
    1203
    1130
    1164
    1142
    1130
    1122
    1199
    1217
    1188
    1213
    1204
    1199
    1206
    1172
    1163
    1216
    1207
    1251
    1189
    1243
    1193
    1161
    1212
    1227
    1238
    1362
    1283
    1228
    1224
    1273
    1274
    1259
    1232
    1256
    1234
    1202
    1267
    1279
    1278
    1287
    1241
    1249
    1185
    1267
    1264
    1234
    1276
    1289
    1334
    1323
    1295
    1346
    1338
    1282
    1286
    1254
    1362
    1270
    1265
    1330
    1325
    1315
    1243
    1346
    1280
    1351
    1288
    1213
    1291
    1273
    1301
    1238
    1286
    1228
    1304
    1252
    1284
    1281
    1325
    1346
    1300
    1340
    1339
    1257
    1318
    1252
    1295
    1271
    1350
    1285
    1322
    1321
    1354
    1354
    1282
    1294
    1314
    1282
    1340
    1295
    1290
    1299
    1312
    1335
    1280
    1268
    1274
    1310
    1289
    1299
    1333
    1228
    1235
    1332
    1232
    1222
    1356
    1238
    1225
    1248
    1361
    1292
    1313
    1287
    1274
    1216
    1310
    1224
    1342
    1321
    1328
    1338
    1318
    1290
    1318
    1266
    1387
    1288
    1287
    1265
    1384
    1332
    1319
    1310
    1262
    1239
    1296
    1278
    1273
    1245
    1306
    1293
    1337
    1320
    1256
    1327
    1240
    1309
    1327
    1281
    1253
    1312
    1337
    1214
    1250
    1216
    1314
    1305
    1315
    1268
    1307
    1357
    1311
    1313
    1284
    1355
    1336
    1341
    1363
    1480
    1344
    1390
    1423
    1491
    1467
    1508
    1507
    1490
    1561
    1625
    1562
    1532
    1513
    1492
    1503
    1598
    1500
    1507
    1512
    1516
    1515
    1460
    1481
    1488
    1441
    1390
    1402
    1406
    1402
    1368
    1383
    1402
    1355
    1304
    1321
    1409
    1403
    1419
    1408
    1394
    1447
    1477
    1469
    1535
    1539
    1593
    1533
    1682
    1646
    1620
    1756
    1648
    1711
    1657
    1727
    1699
    1759
    1739
    1660
    1625
    1596
    1564
    1544
    1567
    1534
    1515
    1459
    1405
    1428
    1416
    1380
    1386
    1343
    1375
    1315
    1331
    1344
    1310
    1314
    1283
    1298
    1259
    1253
    1247
    1305
    1233
    1258
    1316
    1319
    1305
    1276
    1207
    1324
    1287
    1261
    1275
    1268
    1275
    1245
    1283
    1285
    1298
    1277
    1243
    1281
    1295
    1277
    1277
    1319
    1267
    1295
    1347
    1264
    1274
    1308
    1268
    1249
    1295
    1340
    1328
    1302
    1265
    1326
    1275
    1245
    1333
    1281
    1292
    1239
    1305
    1215
    1289
    1363
    1267
    1286
    1324
    1345
    1241
    1299
    1298
    1347
    1313
    1311
    1284
    1250
    1306
    1282
    1299
    1308
    1307
    1367
    1359
    1295
    1326
    1361
    1347
    1294
    1355
    1353
    1293
    1328
    1241
    1334
    1322
    1378
    1428
    1442
    1395
    1398
    1416
    1529
    1477
    1510
    1511
    1644
    1702
    1705
    1941
    1910
    2111
    2283
    2362
    2600
    2883
    3004
    3147
    3335
    3713
    3675
    3930
    4150
    4256
    4267
    4247
    4329
    4361
    4285
    4191
    4121
    4141
    4094
    3759
    3658
    3413
    3414
    3198
    3032
    2878
    2781
    2551
    2467
    2227
    2131
    1995
    1918
    1849
    1811
    1628
    1719
    1598
    1588
    1538
    1642
    1580
    1742
    1776
    1815
    2067
    2092
    2351
    2568
    2810
    3116
    3349
    3690
    4071
    4515
    4885
    5175
    5538
    5864
    6055
    6165
    6503
    6515
    6553
    6636
    6502
    6459
    6413
    6231
    5924
    5810
    5534
    5455
    4958
    4815
    4476
    4151
    3730
    3572
    3295
    2994
    2568
    2469
    2210
    2066
    1890
    1736
    1645
    1541
    1355
    1261
    1248
    1160
    1132
    1074
    1063
    1068
    1024
     992
    1035
     966
     960
    1060
     924
     987
     955
     969
     969
     934
     923
     970
     943
     959
     911
     977
     916
     949
     939
     954
     940
     968
     941
     948
     991
     921
     976
     994
     998
     904
     973
    1013
     922
     939
     965
     958
     962
     986
     925
     961
     959
     975
     980
     991
     981
     954
     948
     958
     925
     914
     950
     912
     884
     890
     911
     928
     942
     870
     887
     913
     924
     912
     958
     943
     888
     946
     897
     828
     872
     864
     849
     864
     904
     837
     916
     816
     855
     869
     896
     870
     924
     874
     863
     916
     857
     959
     933
     891
     911
     877
     944
     883
     911
     880
     909
     890
     890
     877
     900
     893
     850
     900
     915
     920
     881
     862
     860
     911
     900
     878
     933
     933
     891
     877
     919
     877
     876
     915
     936
     897
     877
     926
     918
     901
     887
     902
     897
     904
     805
     854
     875
     907
     876
     848
     927
     869
     916
     887
     894
     881
     838
     888
     891
     876
     872
     860
     981
     846
     920
     898
     857
     919
     863
     935
     918
     915
     920
     964
     936
     900
     893
    1000
     920
     905
     952
     995
     967
     932
    1027
     955
    1048
    1034
    1060
    1175
    1209
    1163
    1253
    1311
    1420
    1446
    1519
    1610
    1780
    1782
    1813
    1945
    2016
    2192
    2271
    2399
    2518
    2549
    2621
    2660
    2682
    2854
    2844
    2844
    2896
    2870
    2862
    2887
    2929
    2713
    2589
       0
       0
       0
       0
       0
       0
       0
       0
       0
       0
       0
       0
       0
       0
       0
       0
       0
       0
       0
       0
       0
       0
       0
       0
       0
       0
       0
       0
       0
       0
       0
       0
$ROI:
2
835 876
1040 1048
$PRESETS:
None
0
0
$ENER_FIT:
1.847398 0.039365
$MCA_CAL:
3
1.847398E+000 3.936478E-002 9.340726E-007 keV
$SHAPE_CAL:
3
0.000000E+000 0.000000E+000 0.000000E+000
