$SPEC_ID:
No sample description was entered.
$SPEC_REM:
DET# 4
DETDESC# JLAB-20 MCB 131
AP# Maestro Version 7.01
$DATE_MEA:
12/05/2025 13:38:51
$MEAS_TIM:
5853 5986
$DATA:
0 2047
       0
       0
       0
       0
       0
       0
       0
       0
       0
       0
       0
       0
       0
       0
       0
       0
       0
       0
       0
       0
       0
       0
       0
       0
       0
       0
       0
       0
       0
       0
       0
       0
       0
       0
       0
       0
       0
       0
       0
       0
       0
       0
       0
       0
       0
       0
       0
       0
       0
       0
       0
       0
       0
       0
       0
       0
       0
       0
       0
       1
       0
       0
       0
       0
       0
       0
       0
       0
       1
      65
    1351
    1398
    1411
    1486
    1423
    1410
    1466
    1417
    1388
    1412
    1287
    1334
    1346
    1279
    1288
    1328
    1330
    1354
    1267
    1240
    1262
    1256
    1217
    1222
    1202
    1179
    1247
    1147
    1153
    1225
    1166
    1127
    1155
    1180
    1143
    1166
    1189
    1117
    1190
    1120
    1098
    1133
    1188
    1149
    1086
    1134
    1087
    1089
    1096
    1010
    1140
    1100
    1084
    1107
    1098
    1079
    1070
    1102
    1026
    1065
    1076
    1155
     998
    1063
    1037
    1071
    1049
    1098
    1042
    1070
    1074
    1007
    1044
    1131
     982
    1019
    1004
    1049
    1035
    1062
    1007
    1001
     987
    1006
    1035
    1070
     972
     980
     968
     989
    1005
     983
     933
     975
    1015
     970
    1005
    1053
     996
    1001
     982
    1001
    1012
     980
     986
     967
     944
     927
     953
    1003
     960
    1005
    1002
     942
    1022
     951
    1022
     981
     944
     994
     994
    1007
     951
     964
     970
     986
     988
     961
     981
     971
    1026
     937
     986
    1001
    1005
    1022
     932
     995
     973
     989
     987
    1015
     972
    1013
    1031
     975
    1032
     984
    1017
    1016
    1046
     969
    1063
    1045
    1038
    1063
    1071
    1068
    1076
    1080
    1028
    1104
    1027
    1014
    1069
    1140
    1142
    1181
    1190
    1125
    1217
    1156
    1281
    1264
    1298
    1296
    1310
    1337
    1364
    1411
    1268
    1329
    1231
    1276
    1330
    1298
    1301
    1235
    1207
    1239
    1236
    1195
    1145
    1153
    1173
    1155
    1133
    1100
    1120
    1149
    1083
    1109
    1062
    1099
    1064
    1028
    1092
    1131
    1052
    1110
    1103
    1154
    1155
    1124
    1229
    1249
    1216
    1180
    1253
    1360
    1380
    1403
    1430
    1401
    1462
    1451
    1480
    1418
    1472
    1501
    1458
    1408
    1396
    1477
    1419
    1416
    1358
    1342
    1297
    1359
    1256
    1262
    1258
    1144
    1189
    1216
    1168
    1106
    1052
    1095
    1038
    1062
    1051
    1101
    1102
    1006
    1105
    1052
    1058
    1035
     985
     999
    1047
    1069
    1040
    1013
    1121
    1019
    1082
    1100
    1129
    1081
    1115
    1107
    1075
    1102
    1136
    1074
    1118
    1045
    1075
    1134
    1123
    1121
    1078
    1151
    1120
    1150
    1089
    1079
    1116
    1110
    1114
    1062
    1091
    1135
    1119
    1094
    1106
    1152
    1060
    1092
    1074
    1072
    1116
    1045
    1074
    1057
    1041
    1040
    1136
    1121
    1079
    1088
    1065
    1049
    1072
    1046
    1066
    1124
    1084
    1042
    1088
    1135
    1063
    1113
    1071
    1126
    1085
    1077
    1063
    1068
     992
    1111
    1054
    1053
    1115
    1089
    1047
    1147
    1110
    1078
    1170
    1155
    1165
    1087
    1151
    1133
    1112
    1108
    1117
    1137
    1117
    1037
    1135
    1152
    1086
    1075
    1068
    1130
    1085
    1075
    1101
    1163
    1083
    1122
    1147
    1133
    1160
    1137
    1167
    1147
    1178
    1157
    1141
    1040
    1152
    1079
    1112
    1157
    1057
    1155
    1117
    1168
    1150
    1173
    1132
    1133
    1176
    1140
    1179
    1107
    1104
    1135
    1152
    1224
    1109
    1189
    1172
    1242
    1167
    1213
    1155
    1219
    1254
    1156
    1194
    1137
    1161
    1261
    1210
    1224
    1239
    1127
    1230
    1291
    1226
    1192
    1204
    1185
    1196
    1205
    1188
    1223
    1292
    1153
    1218
    1206
    1177
    1204
    1243
    1249
    1221
    1241
    1216
    1325
    1179
    1266
    1227
    1267
    1228
    1271
    1348
    1250
    1298
    1269
    1303
    1228
    1230
    1241
    1264
    1296
    1235
    1289
    1317
    1288
    1298
    1300
    1268
    1303
    1319
    1331
    1242
    1270
    1317
    1266
    1295
    1282
    1324
    1297
    1383
    1358
    1304
    1344
    1273
    1368
    1311
    1404
    1357
    1353
    1301
    1365
    1378
    1327
    1341
    1322
    1378
    1362
    1387
    1376
    1434
    1390
    1400
    1331
    1389
    1424
    1435
    1381
    1409
    1412
    1408
    1431
    1362
    1437
    1372
    1534
    1455
    1402
    1446
    1389
    1452
    1477
    1454
    1433
    1469
    1472
    1405
    1453
    1454
    1424
    1386
    1409
    1421
    1446
    1467
    1358
    1417
    1443
    1392
    1406
    1480
    1427
    1384
    1415
    1414
    1458
    1517
    1381
    1260
    1413
    1437
    1417
    1376
    1503
    1446
    1415
    1361
    1465
    1424
    1369
    1404
    1432
    1426
    1431
    1390
    1462
    1430
    1432
    1454
    1392
    1469
    1452
    1423
    1416
    1449
    1433
    1471
    1396
    1479
    1459
    1514
    1419
    1463
    1501
    1443
    1358
    1498
    1469
    1521
    1499
    1488
    1466
    1394
    1447
    1461
    1430
    1483
    1499
    1483
    1435
    1523
    1506
    1456
    1514
    1502
    1535
    1473
    1419
    1505
    1507
    1467
    1513
    1570
    1484
    1506
    1415
    1470
    1516
    1380
    1472
    1482
    1481
    1457
    1457
    1551
    1501
    1493
    1470
    1543
    1522
    1459
    1529
    1494
    1495
    1529
    1506
    1447
    1483
    1478
    1515
    1542
    1515
    1497
    1506
    1571
    1468
    1476
    1526
    1452
    1473
    1507
    1541
    1464
    1563
    1629
    1505
    1483
    1490
    1518
    1469
    1451
    1429
    1584
    1525
    1494
    1554
    1536
    1489
    1523
    1509
    1494
    1490
    1525
    1510
    1537
    1573
    1522
    1551
    1525
    1513
    1505
    1524
    1572
    1551
    1501
    1532
    1501
    1602
    1493
    1532
    1527
    1514
    1523
    1551
    1565
    1535
    1560
    1589
    1570
    1495
    1599
    1485
    1565
    1500
    1570
    1551
    1570
    1536
    1508
    1492
    1521
    1569
    1523
    1476
    1623
    1521
    1563
    1560
    1487
    1564
    1529
    1533
    1535
    1582
    1509
    1527
    1539
    1551
    1536
    1623
    1546
    1545
    1596
    1540
    1512
    1533
    1646
    1612
    1597
    1552
    1647
    1518
    1579
    1526
    1564
    1573
    1577
    1556
    1533
    1535
    1613
    1633
    1589
    1586
    1510
    1528
    1613
    1540
    1534
    1641
    1551
    1565
    1639
    1568
    1584
    1581
    1568
    1573
    1593
    1593
    1542
    1622
    1566
    1636
    1550
    1578
    1636
    1617
    1611
    1566
    1568
    1585
    1567
    1610
    1525
    1547
    1592
    1473
    1577
    1575
    1632
    1542
    1616
    1592
    1502
    1643
    1633
    1531
    1639
    1579
    1620
    1527
    1601
    1582
    1619
    1627
    1575
    1607
    1531
    1559
    1610
    1451
    1626
    1574
    1568
    1528
    1571
    1507
    1518
    1604
    1554
    1560
    1553
    1664
    1579
    1541
    1625
    1570
    1609
    1608
    1582
    1556
    1591
    1545
    1543
    1546
    1638
    1567
    1628
    1566
    1544
    1592
    1607
    1631
    1585
    1613
    1604
    1498
    1625
    1555
    1609
    1593
    1615
    1630
    1544
    1609
    1605
    1679
    1705
    1602
    1642
    1579
    1577
    1573
    1577
    1612
    1609
    1603
    1550
    1642
    1567
    1642
    1565
    1584
    1551
    1600
    1603
    1580
    1609
    1675
    1544
    1719
    1564
    1538
    1615
    1608
    1658
    1609
    1565
    1610
    1575
    1569
    1647
    1503
    1660
    1587
    1548
    1604
    1578
    1553
    1539
    1608
    1580
    1619
    1642
    1686
    1617
    1540
    1558
    1553
    1620
    1535
    1664
    1612
    1529
    1572
    1585
    1625
    1639
    1615
    1585
    1601
    1579
    1531
    1660
    1651
    1608
    1596
    1607
    1569
    1559
    1570
    1624
    1686
    1586
    1624
    1603
    1564
    1533
    1598
    1623
    1637
    1582
    1613
    1649
    1596
    1639
    1605
    1660
    1593
    1638
    1581
    1579
    1574
    1558
    1597
    1666
    1624
    1571
    1616
    1635
    1631
    1552
    1568
    1617
    1611
    1678
    1588
    1577
    1633
    1570
    1563
    1561
    1632
    1657
    1574
    1607
    1631
    1571
    1550
    1680
    1543
    1563
    1569
    1517
    1592
    1667
    1585
    1578
    1655
    1590
    1645
    1575
    1562
    1576
    1633
    1603
    1577
    1646
    1556
    1706
    1520
    1591
    1657
    1637
    1495
    1681
    1528
    1627
    1620
    1638
    1584
    1600
    1579
    1625
    1607
    1615
    1626
    1619
    1588
    1653
    1521
    1626
    1593
    1612
    1694
    1600
    1582
    1609
    1618
    1648
    1590
    1639
    1596
    1618
    1646
    1571
    1574
    1552
    1561
    1624
    1601
    1584
    1542
    1574
    1626
    1660
    1615
    1660
    1656
    1663
    1625
    1684
    1597
    1582
    1571
    1639
    1592
    1647
    1665
    1650
    1619
    1601
    1623
    1617
    1703
    1682
    1659
    1625
    1670
    1621
    1664
    1657
    1674
    1639
    1588
    1654
    1651
    1593
    1595
    1713
    1627
    1651
    1596
    1665
    1692
    1600
    1670
    1640
    1678
    1656
    1581
    1653
    1678
    1676
    1628
    1657
    1611
    1654
    1671
    1684
    1620
    1606
    1648
    1603
    1527
    1622
    1659
    1653
    1628
    1631
    1612
    1631
    1648
    1644
    1742
    1655
    1642
    1710
    1633
    1652
    1650
    1699
    1611
    1611
    1652
    1608
    1659
    1685
    1724
    1623
    1670
    1700
    1628
    1580
    1640
    1579
    1763
    1605
    1624
    1648
    1652
    1641
    1678
    1673
    1698
    1703
    1680
    1635
    1610
    1670
    1621
    1645
    1708
    1580
    1662
    1727
    1625
    1646
    1667
    1669
    1732
    1692
    1647
    1657
    1629
    1660
    1689
    1625
    1635
    1623
    1642
    1655
    1644
    1673
    1625
    1668
    1663
    1665
    1710
    1630
    1624
    1688
    1753
    1694
    1704
    1670
    1690
    1663
    1654
    1713
    1756
    1698
    1676
    1734
    1703
    1690
    1671
    1656
    1649
    1676
    1659
    1712
    1732
    1664
    1709
    1587
    1623
    1739
    1657
    1701
    1725
    1676
    1703
    1633
    1682
    1703
    1712
    1629
    1695
    1701
    1695
    1681
    1661
    1686
    1737
    1773
    1797
    1742
    1775
    1695
    1709
    1699
    1715
    1779
    1715
    1695
    1720
    1739
    1731
    1646
    1711
    1685
    1676
    1716
    1677
    1676
    1771
    1679
    1749
    1676
    1708
    1707
    1762
    1819
    1795
    1734
    1825
    1951
    1913
    1884
    1921
    1908
    1967
    1992
    1931
    2002
    1969
    1985
    1966
    2000
    1991
    1936
    1912
    1946
    2066
    1878
    2001
    1911
    2042
    1972
    1981
    1899
    2026
    1904
    1970
    1954
    2020
    2075
    2010
    2018
    2122
    2077
    2125
    2118
    2192
    2144
    2204
    2206
    2165
    2078
    2143
    2133
    2180
    2008
    2066
    2088
    2069
    2056
    2078
    1994
    1903
    1967
    1898
    1930
    1887
    1882
    1874
    1891
    1881
    1787
    1905
    1778
    1818
    1825
    1766
    1887
    1793
    1801
    1890
    1819
    1858
    1888
    1763
    1730
    1761
    1818
    1847
    1829
    1800
    1774
    1845
    1798
    1852
    1792
    1820
    1856
    1852
    1828
    1940
    1861
    1831
    1820
    1808
    1864
    1882
    1857
    1879
    1812
    1870
    1862
    1824
    1768
    1856
    1780
    1844
    1832
    1819
    1802
    1817
    1877
    1789
    1890
    1896
    1852
    1868
    1829
    1856
    1867
    1795
    1704
    1786
    1831
    1894
    1827
    1873
    1931
    1843
    1763
    1822
    1848
    1814
    1890
    1803
    1871
    1837
    1893
    1893
    1799
    1841
    1833
    1789
    1808
    1854
    1807
    1874
    1851
    1864
    1807
    1863
    1786
    1873
    1892
    1916
    1842
    1875
    1801
    1812
    1859
    1855
    1830
    1842
    1862
    1870
    1858
    1928
    1864
    1890
    1818
    1913
    1764
    1829
    1819
    1812
    1891
    1788
    1854
    1829
    1749
    1854
    1819
    1864
    1802
    1794
    1817
    1756
    1801
    1891
    1814
    1765
    1817
    1778
    1865
    1769
    1872
    1809
    1875
    1788
    1942
    1894
    1923
    1841
    1918
    1988
    1976
    1946
    1906
    1917
    1901
    1987
    1901
    1964
    2029
    1889
    1977
    1961
    1922
    1995
    2046
    1969
    1958
    1978
    1997
    1974
    1941
    1981
    1927
    1942
    1965
    1931
    1863
    1968
    1872
    1878
    1759
    1848
    1894
    1848
    1816
    1851
    1837
    1837
    1874
    1853
    1883
    1898
    1816
    1871
    1755
    1873
    1898
    1877
    1926
    1946
    1912
    1817
    1917
    1833
    1865
    1870
    1880
    1910
    1883
    1881
    1818
    1869
    1948
    1936
    1876
    1924
    1831
    1778
    1879
    1881
    1792
    1797
    1860
    1919
    1802
    1846
    1782
    1755
    1825
    1830
    1930
    1842
    1849
    1836
    1864
    1865
    1863
    1907
    1874
    1817
    1872
    1769
    1822
    1868
    1861
    1851
    1808
    1771
    1797
    1793
    1825
    1856
    1832
    1907
    1819
    1937
    1881
    1855
    1880
    1809
    1830
    1872
    1855
    1925
    1830
    1867
    1880
    1787
    1888
    1914
    1810
    1882
    1758
    1913
    1901
    1812
    1876
    1910
    1905
    1837
    1882
    1934
    1876
    1988
    1910
    1917
    1823
    1883
    1955
    1930
    1887
    1902
    1962
    1854
    1902
    1886
    1974
    1919
    1896
    1911
    1987
    1919
    1853
    1985
    1951
    1922
    2036
    1915
    1893
    2038
    1998
    1917
    1992
    2074
    2033
    2042
    2079
    2138
    2074
    2150
    2234
    2205
    2292
    2252
    2396
    2492
    2596
    2661
    2932
    3173
    3353
    3721
    3975
    4386
    4684
    4988
    5387
    5741
    6109
    6385
    6793
    6885
    6807
    7258
    7200
    7088
    7042
    6932
    6868
    6608
    6464
    6330
    6084
    5905
    5511
    5382
    5091
    4750
    4439
    4314
    4131
    3850
    3421
    3245
    3037
    2889
    2735
    2743
    2549
    2577
    2345
    2393
    2491
    2523
    2620
    2674
    2761
    2995
    3221
    3608
    4049
    4393
    4815
    5487
    5964
    6666
    7221
    7829
    8255
    9101
    9637
   10041
   10322
   10790
   10815
   10831
   10788
   10842
   10726
   10684
   10229
    9784
    9371
    8976
    8415
    8158
    7508
    7129
    6632
    6059
    5593
    5199
    4754
    4174
    3833
    3427
    3149
    2874
    2592
    2369
    2148
    1992
    1776
    1699
    1666
    1526
    1535
    1469
    1435
    1460
    1349
    1427
    1355
    1365
    1342
    1370
    1358
    1364
    1408
    1316
    1389
    1351
    1241
    1323
    1302
    1321
    1322
    1297
    1299
    1242
    1239
    1334
    1330
    1308
    1305
    1320
    1322
    1320
    1284
    1343
    1302
    1238
    1332
    1295
    1212
    1205
    1337
    1252
    1298
    1301
    1246
    1368
    1285
    1303
    1257
    1283
    1234
    1300
    1290
    1332
    1318
    1310
    1247
    1299
    1162
    1328
    1305
    1264
    1274
    1244
    1255
    1285
    1248
    1344
    1280
    1235
    1274
    1181
    1267
    1228
    1276
    1262
    1223
    1281
    1242
    1242
    1298
    1262
    1305
    1276
    1333
    1278
    1278
    1229
    1285
    1264
    1260
    1317
    1247
    1277
    1190
    1239
    1288
    1292
    1283
    1217
    1289
    1259
    1187
    1319
    1283
    1199
    1261
    1245
    1299
    1248
    1248
    1269
    1307
    1306
    1236
    1262
    1226
    1274
    1243
    1276
    1245
    1267
    1251
    1268
    1223
    1303
    1179
    1267
    1268
    1196
    1268
    1256
    1241
    1242
    1308
    1291
    1273
    1305
    1263
    1232
    1326
    1256
    1231
    1238
    1287
    1204
    1225
    1258
    1244
    1359
    1267
    1253
    1206
    1275
    1238
    1301
    1260
    1333
    1257
    1257
    1274
    1275
    1319
    1265
    1269
    1334
    1325
    1270
    1411
    1309
    1321
    1361
    1489
    1430
    1511
    1512
    1633
    1587
    1662
    1829
    1800
    1979
    2023
    2112
    2290
    2392
    2598
    2665
    2752
    3057
    3211
    3324
    3573
    3763
    3746
    4091
    4191
    4380
    4423
    4456
    4623
    4719
    4708
    4566
    4483
    4572
    4447
    4432
    4349
    4204
    4052
    3859
    3717
    3453
    3429
    3124
       0
       0
       0
       0
       0
       0
       0
       0
       0
       0
       0
       0
       0
       0
       0
       0
       0
       0
       0
       0
       0
       0
       0
       0
       0
       0
       0
       0
       0
       0
       0
       0
$ROI:
2
835 876
1040 1048
$PRESETS:
None
0
0
$ENER_FIT:
1.847398 0.039365
$MCA_CAL:
3
1.847398E+000 3.936478E-002 9.340726E-007 keV
$SHAPE_CAL:
3
0.000000E+000 0.000000E+000 0.000000E+000
