$SPEC_ID:
No sample description was entered.
$SPEC_REM:
DET# 4
DETDESC# JLAB-20 MCB 131
AP# Maestro Version 7.01
$DATE_MEA:
12/04/2025 15:36:28
$MEAS_TIM:
2046 2086
$DATA:
0 2047
       0
       0
       0
       0
       0
       0
       0
       0
       0
       0
       0
       0
       0
       0
       0
       0
       0
       0
       0
       0
       0
       0
       0
       0
       0
       0
       0
       0
       0
       0
       0
       0
       0
       0
       0
       0
       0
       0
       0
       0
       0
       0
       0
       0
       0
       0
       0
       0
       0
       0
       0
       0
       0
       0
       0
       0
       0
       0
       0
       0
       0
       0
       0
       0
       0
       0
       0
       0
       0
      18
     414
     436
     425
     460
     410
     434
     444
     469
     406
     418
     437
     382
     422
     408
     359
     398
     385
     406
     389
     396
     344
     339
     393
     401
     351
     350
     334
     343
     354
     339
     350
     333
     350
     348
     352
     341
     350
     299
     347
     337
     343
     340
     346
     346
     330
     329
     340
     337
     328
     331
     330
     326
     322
     359
     303
     325
     318
     279
     355
     308
     313
     321
     310
     332
     341
     335
     335
     305
     321
     334
     315
     305
     300
     316
     338
     307
     319
     309
     308
     305
     296
     312
     296
     301
     295
     311
     315
     326
     279
     302
     324
     303
     303
     296
     275
     271
     303
     320
     311
     287
     309
     333
     281
     287
     304
     313
     310
     312
     311
     326
     305
     309
     320
     345
     288
     355
     317
     347
     322
     311
     322
     343
     336
     336
     341
     330
     324
     347
     314
     333
     330
     318
     305
     316
     304
     348
     331
     354
     331
     323
     341
     373
     380
     394
     392
     420
     360
     385
     370
     392
     390
     406
     394
     414
     395
     385
     420
     397
     393
     401
     379
     396
     386
     382
     378
     415
     408
     381
     358
     416
     407
     374
     404
     388
     377
     431
     407
     389
     377
     410
     382
     424
     411
     448
     388
     405
     398
     375
     377
     382
     382
     361
     308
     361
     342
     344
     391
     348
     348
     325
     344
     319
     329
     348
     324
     336
     349
     313
     311
     325
     345
     327
     337
     356
     359
     330
     395
     317
     344
     347
     378
     420
     388
     425
     393
     398
     416
     381
     409
     373
     399
     416
     395
     469
     404
     388
     391
     404
     373
     397
     402
     366
     349
     344
     369
     386
     339
     318
     344
     323
     334
     300
     333
     313
     318
     327
     308
     319
     316
     336
     284
     309
     329
     320
     312
     333
     317
     356
     335
     308
     324
     334
     358
     328
     314
     320
     313
     310
     327
     322
     313
     325
     346
     341
     320
     301
     322
     316
     357
     317
     331
     298
     333
     314
     339
     357
     360
     339
     331
     325
     302
     310
     290
     347
     316
     347
     341
     294
     313
     332
     316
     339
     305
     357
     296
     298
     338
     334
     319
     296
     338
     303
     292
     337
     310
     302
     300
     293
     320
     339
     308
     351
     343
     317
     312
     346
     302
     330
     311
     324
     329
     319
     314
     304
     314
     309
     274
     319
     305
     312
     307
     315
     362
     302
     339
     331
     308
     331
     297
     333
     331
     321
     298
     308
     311
     347
     367
     316
     320
     319
     361
     339
     314
     332
     321
     353
     350
     329
     300
     345
     319
     325
     309
     342
     320
     314
     319
     367
     321
     340
     294
     307
     335
     324
     321
     311
     311
     356
     324
     353
     392
     337
     342
     297
     351
     354
     358
     347
     303
     328
     319
     334
     331
     357
     326
     338
     342
     386
     360
     349
     333
     325
     363
     346
     357
     373
     323
     360
     348
     357
     339
     362
     342
     371
     318
     348
     366
     360
     343
     309
     363
     399
     357
     307
     314
     336
     352
     347
     356
     369
     337
     352
     351
     344
     364
     317
     397
     376
     379
     341
     379
     373
     362
     389
     356
     347
     374
     399
     389
     389
     388
     393
     348
     345
     358
     367
     346
     356
     368
     336
     382
     384
     376
     366
     334
     379
     364
     390
     374
     370
     349
     339
     368
     384
     425
     390
     381
     370
     380
     360
     388
     346
     388
     376
     389
     414
     396
     378
     376
     420
     370
     385
     364
     376
     394
     407
     377
     350
     418
     380
     379
     367
     410
     427
     399
     410
     324
     360
     397
     370
     405
     398
     386
     369
     423
     418
     386
     350
     359
     366
     394
     385
     370
     419
     365
     424
     381
     371
     391
     401
     401
     411
     412
     435
     365
     386
     399
     369
     401
     367
     375
     399
     396
     440
     402
     387
     376
     414
     402
     405
     365
     400
     387
     362
     368
     371
     417
     385
     369
     410
     358
     412
     451
     411
     408
     375
     452
     406
     391
     420
     408
     361
     405
     409
     406
     412
     399
     425
     444
     388
     400
     398
     418
     455
     405
     397
     394
     379
     406
     411
     422
     389
     410
     397
     397
     408
     425
     386
     391
     419
     415
     414
     423
     417
     444
     422
     388
     394
     390
     427
     423
     431
     422
     441
     422
     396
     441
     434
     406
     421
     403
     409
     428
     457
     433
     400
     419
     429
     441
     440
     422
     435
     444
     459
     412
     451
     456
     451
     431
     503
     498
     412
     449
     442
     447
     456
     453
     425
     446
     432
     463
     408
     447
     418
     404
     408
     408
     447
     455
     408
     441
     407
     408
     451
     416
     423
     420
     425
     426
     430
     413
     424
     439
     439
     459
     435
     416
     449
     433
     452
     405
     403
     447
     423
     395
     437
     408
     427
     399
     413
     448
     437
     442
     358
     422
     450
     419
     399
     438
     411
     423
     441
     425
     403
     429
     439
     444
     418
     421
     397
     430
     418
     399
     434
     407
     441
     452
     450
     440
     384
     404
     421
     391
     416
     430
     431
     408
     451
     404
     443
     436
     453
     417
     393
     445
     410
     421
     420
     448
     437
     418
     418
     427
     421
     396
     411
     427
     449
     462
     446
     481
     441
     411
     429
     402
     440
     423
     430
     463
     444
     433
     415
     420
     427
     412
     445
     419
     409
     376
     401
     404
     396
     432
     413
     378
     447
     423
     415
     421
     431
     432
     424
     385
     424
     424
     423
     450
     420
     441
     419
     433
     405
     400
     446
     430
     440
     402
     403
     444
     452
     438
     415
     437
     406
     443
     376
     441
     423
     447
     442
     445
     379
     451
     419
     409
     398
     449
     453
     390
     435
     418
     423
     424
     406
     357
     438
     426
     374
     444
     409
     471
     422
     433
     441
     426
     423
     393
     433
     416
     410
     435
     424
     411
     429
     432
     419
     447
     418
     441
     434
     406
     416
     412
     421
     397
     450
     429
     416
     470
     412
     460
     424
     419
     423
     398
     429
     420
     456
     440
     440
     429
     411
     419
     424
     440
     440
     443
     414
     446
     422
     414
     430
     414
     410
     434
     408
     431
     411
     433
     422
     445
     417
     441
     434
     448
     406
     448
     469
     446
     437
     416
     421
     440
     390
     424
     444
     458
     461
     433
     414
     450
     434
     430
     435
     411
     417
     404
     434
     424
     427
     420
     447
     462
     441
     463
     438
     448
     440
     424
     433
     435
     423
     465
     433
     453
     421
     465
     417
     397
     438
     464
     398
     427
     408
     427
     444
     412
     401
     410
     423
     406
     423
     431
     420
     442
     416
     403
     442
     415
     424
     425
     437
     453
     421
     429
     436
     439
     420
     410
     472
     430
     432
     417
     452
     432
     427
     412
     473
     453
     431
     417
     442
     426
     434
     434
     436
     443
     390
     445
     430
     438
     445
     397
     445
     434
     457
     428
     438
     448
     464
     431
     407
     473
     447
     455
     421
     466
     449
     454
     451
     431
     455
     450
     468
     485
     427
     423
     478
     439
     474
     416
     461
     444
     445
     434
     461
     423
     442
     431
     440
     458
     472
     416
     466
     474
     430
     433
     491
     433
     435
     435
     465
     447
     426
     449
     470
     466
     447
     447
     446
     428
     465
     437
     408
     446
     457
     425
     427
     460
     410
     412
     468
     455
     435
     403
     418
     451
     488
     423
     483
     416
     451
     421
     465
     444
     435
     443
     454
     417
     398
     458
     479
     415
     438
     464
     485
     485
     422
     440
     417
     445
     423
     449
     429
     438
     424
     433
     426
     473
     453
     460
     433
     437
     445
     449
     400
     427
     458
     433
     465
     432
     446
     474
     427
     429
     441
     465
     424
     420
     458
     477
     446
     446
     424
     466
     477
     455
     428
     444
     434
     476
     401
     416
     467
     447
     431
     480
     449
     451
     461
     447
     471
     430
     469
     424
     508
     452
     463
     480
     447
     457
     473
     433
     477
     474
     496
     487
     454
     449
     426
     446
     420
     471
     457
     471
     442
     457
     437
     469
     474
     507
     477
     448
     447
     447
     443
     485
     476
     466
     474
     470
     446
     466
     489
     470
     473
     446
     497
     468
     448
     433
     474
     478
     505
     467
     494
     526
     453
     475
     463
     505
     472
     460
     460
     522
     476
     484
     506
     478
     466
     474
     428
     496
     492
     488
     531
     496
     486
     465
     468
     506
     471
     509
     539
     505
     509
     551
     536
     564
     606
     587
     580
     644
     637
     673
     706
     731
     725
     743
     772
     757
     757
     755
     777
     808
     764
     764
     784
     730
     741
     753
     730
     714
     710
     674
     724
     678
     749
     740
     769
     764
     774
     799
     801
     897
     882
     961
     950
     973
    1011
     966
    1013
    1006
    1037
    1031
     998
    1001
    1018
     991
     929
     911
     899
     831
     781
     812
     779
     714
     723
     706
     612
     620
     603
     561
     561
     529
     522
     514
     539
     512
     514
     494
     489
     478
     467
     493
     502
     489
     501
     483
     445
     500
     528
     535
     525
     563
     493
     512
     458
     492
     527
     477
     515
     505
     496
     511
     526
     478
     515
     490
     487
     511
     477
     489
     454
     480
     450
     458
     485
     412
     499
     439
     474
     490
     462
     464
     504
     491
     482
     471
     465
     468
     466
     445
     466
     446
     451
     471
     454
     463
     496
     499
     463
     484
     495
     472
     439
     470
     446
     472
     505
     471
     424
     474
     500
     527
     454
     469
     458
     510
     454
     488
     491
     456
     468
     524
     460
     469
     466
     525
     486
     475
     467
     461
     454
     440
     498
     456
     438
     441
     505
     448
     488
     482
     510
     438
     472
     476
     493
     472
     473
     440
     467
     471
     470
     482
     469
     467
     460
     458
     479
     455
     506
     463
     472
     513
     532
     485
     474
     481
     456
     492
     454
     512
     523
     461
     490
     510
     501
     513
     557
     566
     539
     551
     562
     551
     578
     632
     629
     614
     621
     654
     621
     624
     673
     666
     617
     675
     629
     635
     615
     583
     609
     615
     619
     600
     585
     588
     561
     528
     576
     515
     493
     484
     547
     534
     493
     514
     498
     467
     454
     477
     460
     482
     496
     500
     539
     511
     520
     525
     498
     506
     531
     504
     502
     540
     520
     509
     555
     481
     539
     543
     522
     535
     561
     463
     547
     561
     513
     472
     493
     493
     501
     524
     484
     460
     457
     465
     499
     435
     442
     418
     473
     467
     478
     465
     433
     436
     457
     468
     483
     445
     450
     477
     487
     459
     481
     433
     450
     479
     425
     483
     478
     480
     459
     484
     488
     437
     467
     431
     462
     497
     465
     486
     472
     502
     456
     420
     438
     438
     423
     505
     395
     455
     441
     430
     482
     431
     460
     451
     447
     425
     430
     476
     483
     459
     490
     493
     467
     475
     461
     480
     448
     446
     449
     484
     464
     459
     470
     442
     505
     435
     455
     475
     487
     475
     478
     460
     462
     484
     516
     520
     507
     499
     504
     574
     482
     524
     496
     487
     493
     533
     540
     590
     560
     565
     591
     655
     660
     710
     711
     782
     864
     943
     931
    1032
    1035
    1162
    1240
    1227
    1331
    1435
    1430
    1433
    1425
    1426
    1448
    1461
    1412
    1414
    1361
    1305
    1319
    1213
    1190
    1153
    1148
    1039
    1008
     922
     875
     833
     767
     706
     694
     660
     664
     600
     540
     589
     519
     548
     597
     516
     576
     605
     556
     641
     717
     730
     808
     831
     946
    1046
    1162
    1276
    1400
    1529
    1663
    1759
    1793
    1930
    2071
    2084
    2138
    2232
    2282
    2213
    2156
    2191
    2129
    2010
    1981
    1942
    1879
    1692
    1639
    1580
    1435
    1353
    1296
    1136
    1034
    1049
     872
     804
     721
     637
     625
     558
     558
     479
     507
     421
     413
     377
     392
     394
     385
     390
     414
     359
     346
     327
     359
     355
     357
     345
     323
     348
     327
     369
     308
     378
     338
     353
     382
     329
     322
     357
     339
     333
     363
     348
     341
     322
     301
     333
     340
     326
     368
     343
     374
     366
     334
     325
     347
     335
     335
     336
     342
     372
     324
     321
     319
     339
     331
     342
     334
     304
     368
     341
     352
     334
     341
     374
     345
     320
     329
     313
     305
     333
     334
     334
     345
     319
     342
     353
     336
     308
     354
     346
     342
     347
     327
     338
     336
     331
     372
     360
     306
     339
     344
     338
     363
     348
     300
     358
     335
     362
     327
     369
     318
     326
     319
     343
     353
     329
     373
     353
     358
     348
     354
     359
     323
     330
     349
     351
     335
     355
     367
     388
     357
     344
     383
     351
     351
     331
     330
     387
     346
     361
     344
     303
     342
     324
     357
     358
     292
     359
     332
     351
     330
     311
     302
     355
     317
     361
     326
     308
     348
     350
     361
     317
     363
     351
     336
     380
     300
     371
     335
     345
     341
     354
     358
     314
     324
     341
     343
     312
     370
     350
     338
     347
     315
     358
     379
     318
     375
     356
     369
     388
     380
     401
     391
     407
     403
     406
     479
     479
     466
     557
     566
     548
     599
     644
     664
     730
     757
     768
     808
     906
     914
     933
     941
     946
    1009
    1027
    1030
     947
    1015
    1033
     969
     968
     947
     906
     899
       0
       0
       0
       0
       0
       0
       0
       0
       0
       0
       0
       0
       0
       0
       0
       0
       0
       0
       0
       0
       0
       0
       0
       0
       0
       0
       0
       0
       0
       0
       0
       0
$ROI:
2
835 876
1040 1048
$PRESETS:
None
0
0
$ENER_FIT:
1.847398 0.039365
$MCA_CAL:
3
1.847398E+000 3.936478E-002 9.340726E-007 keV
$SHAPE_CAL:
3
0.000000E+000 0.000000E+000 0.000000E+000
