$SPEC_ID:
No sample description was entered.
$SPEC_REM:
DET# 4
DETDESC# JLAB-20 MCB 131
AP# Maestro Version 7.01
$DATE_MEA:
12/05/2025 12:51:31
$MEAS_TIM:
2730 2783
$DATA:
0 2047
       0
       0
       0
       0
       0
       0
       0
       0
       0
       0
       0
       0
       0
       0
       0
       0
       0
       0
       0
       0
       0
       0
       0
       0
       0
       0
       0
       0
       0
       0
       0
       0
       0
       0
       0
       0
       0
       0
       0
       0
       0
       0
       0
       0
       0
       0
       0
       0
       0
       0
       0
       0
       0
       0
       0
       0
       0
       0
       0
       0
       0
       0
       0
       0
       0
       0
       0
       0
       1
      32
     546
     609
     557
     490
     583
     541
     545
     538
     515
     506
     550
     537
     527
     515
     529
     496
     538
     491
     487
     478
     520
     492
     505
     462
     470
     490
     464
     490
     472
     496
     448
     468
     430
     447
     465
     474
     472
     484
     448
     414
     470
     453
     483
     463
     436
     465
     438
     444
     458
     424
     455
     456
     432
     458
     490
     471
     453
     449
     475
     473
     470
     457
     538
     474
     460
     482
     467
     497
     480
     499
     458
     473
     462
     465
     489
     469
     453
     466
     499
     445
     467
     458
     431
     463
     413
     422
     423
     434
     408
     386
     400
     392
     377
     376
     413
     386
     395
     378
     360
     401
     382
     400
     416
     381
     390
     367
     395
     360
     386
     366
     406
     380
     406
     392
     397
     408
     414
     391
     398
     403
     426
     419
     374
     413
     414
     407
     395
     362
     403
     420
     392
     395
     381
     388
     408
     374
     405
     390
     372
     410
     401
     395
     372
     384
     353
     397
     368
     364
     426
     394
     399
     383
     361
     427
     407
     408
     405
     386
     431
     417
     411
     419
     454
     414
     438
     444
     430
     450
     483
     457
     465
     477
     473
     487
     517
     538
     507
     471
     506
     460
     531
     530
     503
     512
     531
     516
     469
     571
     536
     473
     509
     450
     486
     528
     436
     443
     464
     389
     423
     431
     414
     450
     408
     415
     390
     404
     420
     420
     433
     425
     399
     443
     474
     461
     470
     492
     487
     495
     495
     513
     542
     519
     563
     544
     551
     534
     611
     535
     550
     596
     563
     569
     566
     561
     534
     536
     524
     559
     502
     539
     490
     532
     520
     493
     505
     469
     455
     455
     470
     447
     428
     424
     441
     407
     435
     405
     434
     389
     428
     432
     401
     408
     398
     407
     457
     429
     445
     378
     449
     439
     431
     438
     422
     425
     415
     451
     449
     462
     446
     458
     446
     497
     442
     534
     524
     534
     563
     617
     640
     685
     709
     748
     840
     843
     975
     950
     971
    1025
    1072
    1079
    1056
    1074
    1122
    1118
    1098
    1111
    1084
    1040
    1101
    1033
     979
     963
     930
     884
     840
     779
     791
     724
     667
     635
     614
     565
     557
     540
     492
     475
     442
     456
     452
     437
     477
     459
     449
     447
     433
     464
     471
     471
     481
     494
     481
     536
     519
     562
     586
     521
     495
     534
     595
     534
     575
     556
     518
     550
     538
     556
     551
     558
     493
     537
     478
     510
     505
     492
     451
     449
     486
     438
     463
     447
     460
     385
     419
     409
     436
     398
     358
     389
     396
     375
     355
     420
     394
     422
     412
     387
     396
     383
     437
     366
     391
     399
     438
     420
     404
     434
     436
     474
     391
     424
     428
     415
     381
     442
     424
     403
     414
     433
     382
     444
     410
     411
     387
     400
     396
     404
     409
     432
     441
     440
     398
     429
     394
     453
     384
     457
     465
     444
     419
     439
     413
     454
     371
     403
     416
     414
     428
     431
     449
     434
     442
     446
     432
     411
     431
     440
     476
     438
     439
     426
     457
     473
     449
     417
     442
     424
     449
     435
     465
     465
     400
     447
     426
     421
     479
     459
     462
     410
     415
     440
     461
     424
     444
     432
     470
     412
     480
     453
     427
     461
     463
     469
     442
     453
     465
     473
     481
     423
     524
     477
     484
     441
     480
     419
     458
     446
     492
     475
     513
     456
     474
     444
     508
     440
     482
     475
     472
     527
     502
     484
     473
     516
     490
     484
     467
     482
     485
     523
     482
     441
     479
     506
     490
     486
     473
     495
     507
     490
     484
     476
     433
     428
     437
     480
     490
     454
     474
     483
     473
     501
     473
     505
     477
     477
     437
     482
     486
     456
     478
     511
     486
     494
     509
     460
     505
     501
     501
     518
     437
     430
     513
     492
     487
     459
     513
     494
     509
     481
     452
     520
     508
     498
     505
     490
     512
     475
     515
     499
     511
     507
     492
     502
     466
     490
     507
     516
     469
     471
     532
     509
     446
     472
     528
     479
     529
     521
     481
     515
     497
     493
     528
     518
     469
     512
     527
     525
     495
     445
     501
     523
     509
     541
     520
     494
     534
     484
     475
     508
     535
     476
     495
     513
     555
     499
     510
     458
     530
     516
     510
     491
     530
     470
     491
     521
     537
     556
     537
     530
     509
     510
     546
     531
     466
     539
     526
     486
     548
     530
     523
     521
     543
     519
     514
     535
     522
     485
     540
     550
     503
     505
     495
     564
     515
     486
     527
     499
     539
     554
     520
     524
     464
     529
     521
     514
     513
     522
     537
     541
     544
     521
     540
     486
     541
     527
     550
     516
     520
     555
     518
     529
     495
     506
     576
     490
     532
     566
     557
     546
     546
     559
     503
     564
     535
     536
     520
     502
     534
     560
     523
     544
     523
     535
     501
     547
     528
     495
     517
     495
     518
     535
     557
     559
     547
     531
     551
     533
     547
     550
     498
     556
     478
     574
     497
     496
     538
     574
     535
     575
     521
     584
     527
     496
     567
     551
     542
     533
     499
     544
     518
     521
     563
     522
     493
     531
     564
     538
     542
     502
     523
     519
     545
     567
     547
     563
     540
     546
     542
     533
     564
     521
     536
     568
     525
     556
     585
     512
     497
     522
     539
     515
     527
     536
     565
     545
     531
     560
     564
     528
     507
     542
     545
     560
     573
     576
     563
     545
     513
     545
     540
     544
     566
     500
     549
     558
     523
     514
     514
     521
     552
     523
     543
     569
     526
     567
     550
     504
     570
     514
     536
     564
     549
     537
     542
     539
     520
     559
     540
     538
     549
     567
     510
     546
     564
     579
     493
     564
     484
     579
     582
     559
     537
     531
     585
     551
     567
     563
     567
     507
     587
     541
     567
     551
     564
     533
     556
     549
     540
     563
     516
     575
     507
     564
     557
     541
     538
     587
     532
     515
     500
     549
     543
     534
     556
     501
     529
     581
     566
     514
     582
     578
     534
     571
     551
     563
     551
     524
     551
     531
     577
     580
     534
     537
     540
     549
     578
     562
     565
     562
     572
     546
     562
     552
     545
     495
     567
     511
     571
     574
     512
     554
     552
     520
     516
     548
     483
     512
     529
     530
     505
     566
     561
     522
     508
     531
     541
     581
     586
     518
     540
     558
     508
     591
     553
     596
     578
     586
     532
     542
     562
     542
     542
     564
     527
     529
     532
     534
     547
     573
     544
     543
     553
     521
     587
     544
     579
     568
     548
     561
     535
     561
     547
     526
     527
     562
     533
     539
     509
     517
     595
     536
     549
     513
     566
     600
     516
     569
     550
     534
     571
     533
     550
     575
     591
     583
     531
     533
     532
     539
     544
     553
     509
     512
     572
     577
     562
     571
     557
     606
     523
     559
     535
     554
     583
     576
     569
     512
     514
     569
     543
     538
     528
     573
     563
     511
     562
     559
     559
     543
     544
     527
     562
     536
     571
     535
     509
     496
     516
     564
     529
     551
     495
     531
     505
     546
     590
     546
     515
     574
     544
     536
     589
     561
     563
     573
     596
     568
     537
     513
     534
     532
     592
     563
     567
     607
     555
     551
     574
     526
     520
     527
     559
     560
     561
     539
     534
     572
     568
     547
     576
     567
     567
     551
     529
     585
     569
     570
     526
     547
     541
     566
     553
     533
     540
     543
     537
     547
     559
     552
     514
     506
     583
     550
     581
     531
     514
     567
     585
     571
     562
     553
     581
     582
     527
     569
     569
     575
     566
     570
     560
     538
     570
     554
     561
     546
     519
     575
     544
     572
     548
     596
     520
     536
     573
     554
     539
     589
     547
     549
     564
     540
     624
     550
     557
     564
     549
     570
     511
     546
     562
     564
     568
     557
     514
     536
     553
     529
     552
     533
     497
     542
     603
     580
     557
     512
     536
     539
     613
     563
     548
     540
     578
     565
     554
     525
     565
     569
     584
     525
     545
     570
     564
     558
     587
     559
     560
     527
     574
     550
     547
     548
     520
     565
     571
     593
     564
     534
     546
     591
     561
     549
     554
     542
     575
     567
     546
     575
     560
     540
     533
     563
     573
     577
     567
     521
     537
     578
     543
     534
     556
     570
     538
     574
     629
     563
     582
     561
     610
     587
     561
     552
     546
     581
     609
     583
     532
     511
     549
     565
     523
     582
     545
     538
     554
     567
     559
     570
     613
     542
     558
     563
     552
     568
     558
     587
     567
     593
     579
     603
     528
     556
     563
     541
     592
     564
     555
     562
     580
     544
     560
     573
     608
     590
     571
     586
     587
     573
     590
     564
     566
     566
     573
     561
     580
     550
     531
     606
     552
     596
     573
     606
     544
     569
     593
     593
     603
     560
     557
     625
     587
     622
     557
     570
     556
     610
     611
     621
     614
     602
     629
     595
     606
     635
     630
     602
     632
     623
     583
     633
     633
     662
     632
     639
     617
     591
     576
     587
     609
     586
     641
     680
     632
     678
     637
     663
     639
     606
     584
     656
     648
     642
     627
     615
     617
     656
     630
     647
     635
     599
     658
     648
     647
     640
     608
     604
     683
     578
     646
     633
     654
     626
     634
     633
     617
     623
     665
     609
     668
     623
     663
     603
     643
     607
     617
     647
     651
     617
     631
     642
     654
     678
     593
     618
     597
     619
     660
     588
     630
     581
     659
     652
     565
     690
     644
     614
     662
     596
     635
     632
     651
     597
     655
     608
     664
     644
     627
     649
     648
     650
     636
     604
     605
     637
     622
     633
     617
     635
     642
     630
     647
     651
     610
     634
     601
     590
     645
     621
     623
     598
     625
     682
     665
     634
     645
     665
     616
     622
     617
     588
     605
     627
     606
     629
     612
     600
     640
     679
     660
     638
     590
     610
     639
     624
     624
     617
     599
     643
     625
     648
     616
     614
     619
     639
     626
     630
     656
     624
     654
     650
     671
     654
     631
     669
     639
     657
     656
     626
     617
     606
     682
     624
     658
     652
     642
     631
     641
     635
     631
     648
     622
     678
     633
     658
     645
     625
     583
     649
     644
     653
     630
     628
     611
     653
     622
     625
     573
     600
     637
     629
     631
     653
     633
     637
     623
     634
     621
     652
     637
     637
     672
     638
     620
     603
     623
     622
     604
     611
     602
     598
     629
     653
     623
     637
     662
     575
     699
     647
     653
     630
     615
     649
     623
     619
     676
     630
     590
     595
     655
     683
     626
     633
     566
     615
     638
     640
     657
     658
     661
     615
     612
     660
     662
     668
     618
     614
     636
     629
     645
     656
     609
     657
     680
     624
     629
     635
     650
     679
     672
     642
     657
     681
     613
     652
     652
     628
     653
     652
     638
     678
     647
     663
     663
     678
     633
     657
     636
     639
     678
     663
     632
     630
     637
     660
     674
     663
     703
     670
     671
     641
     648
     650
     641
     682
     650
     649
     655
     641
     680
     658
     660
     660
     705
     705
     632
     678
     678
     656
     673
     689
     695
     700
     687
     706
     681
     672
     666
     763
     728
     760
     748
     809
     847
     874
     917
     938
     986
    1056
    1138
    1194
    1272
    1330
    1476
    1589
    1660
    1806
    1883
    2005
    1988
    2092
    2263
    2133
    2242
    2264
    2209
    2203
    2098
    2168
    2051
    1981
    1873
    1829
    1819
    1726
    1586
    1626
    1467
    1372
    1269
    1204
    1096
    1030
     990
     946
     837
     866
     804
     791
     791
     822
     802
     825
     841
     889
     943
     974
    1032
    1155
    1293
    1437
    1542
    1710
    1933
    2052
    2218
    2455
    2520
    2810
    2848
    3150
    3112
    3307
    3289
    3376
    3296
    3302
    3343
    3193
    3167
    3041
    2980
    2833
    2700
    2523
    2417
    2338
    2208
    1961
    1853
    1603
    1427
    1331
    1299
    1101
    1028
     942
     863
     775
     717
     685
     611
     600
     604
     485
     489
     542
     481
     509
     492
     541
     482
     469
     513
     491
     487
     480
     451
     496
     484
     464
     456
     473
     492
     453
     479
     459
     418
     474
     458
     473
     460
     470
     442
     461
     489
     484
     478
     491
     495
     501
     436
     448
     480
     461
     429
     462
     429
     455
     457
     420
     474
     448
     431
     483
     455
     447
     455
     475
     464
     456
     502
     451
     408
     473
     457
     465
     452
     475
     428
     497
     490
     481
     453
     481
     464
     461
     452
     496
     477
     487
     408
     439
     443
     438
     449
     519
     482
     444
     524
     489
     462
     444
     431
     462
     467
     444
     489
     458
     422
     473
     458
     481
     479
     438
     451
     465
     440
     479
     404
     445
     455
     467
     455
     476
     462
     475
     457
     469
     470
     476
     466
     467
     478
     452
     480
     476
     480
     512
     448
     453
     474
     474
     437
     447
     440
     418
     465
     436
     425
     470
     472
     439
     443
     486
     428
     434
     468
     453
     472
     478
     435
     462
     469
     448
     473
     435
     442
     473
     456
     466
     435
     455
     491
     435
     468
     468
     448
     413
     493
     458
     458
     517
     472
     461
     474
     497
     496
     525
     561
     524
     514
     574
     548
     596
     609
     667
     710
     671
     758
     818
     808
     873
     905
     976
    1000
    1081
    1144
    1258
    1278
    1335
    1329
    1351
    1437
    1517
    1415
    1516
    1536
    1469
    1461
    1462
    1502
    1438
    1347
    1346
    1293
    1211
    1221
    1188
       0
       0
       0
       0
       0
       0
       0
       0
       0
       0
       0
       0
       0
       0
       0
       0
       0
       0
       0
       0
       0
       0
       0
       0
       0
       0
       0
       0
       0
       0
       0
       0
$ROI:
2
835 876
1040 1048
$PRESETS:
None
0
0
$ENER_FIT:
1.847398 0.039365
$MCA_CAL:
3
1.847398E+000 3.936478E-002 9.340726E-007 keV
$SHAPE_CAL:
3
0.000000E+000 0.000000E+000 0.000000E+000
